0
10
11
11
32764
13
14
20
31
32
36
44
50
55
55
63
71
71
73
78
80
84
86
87
93
100
104
107
107
109
110
112
117
122
124
124
124
125
126
132
136
137
138
143
150
150
150
150
152
152
152
152
152
190
155
155
156
160
173
174
184
196
196
198
200
202
207
210
221
221
249
252
255
262
263
268
278
279
282
292
293
296
299
302
303
304
331
331
333
337
337
338
343
343
346
346
349
363
363
365
367
368
372
373
373
378
378
396
397
398
408
418
425
427
432
435
437
439
441
444
446
449
451
459
463
465
468
470
471
476
478
483
484
484
496
496
497
500
502
503
507
509
514
524
540
541
544
544
546
547
547
562
572
575
577
579
587
589
590
593
598
604
609
612
613
617
617
618
619
619
627
628
630
636
639
640
648
655
657
669
674
679
680
694
696
706
706
712
715
715
716
727
740
744
745
746
748
748
729
752
753
754
757
757
757
758
782
799
799
801
803
806
811
814
815
824
837
837
837
851
853
856
860
862
862
863
867
870
872
875
880
882
882
884
885
886
887
887
888
889
895
896
906
916
917
918
918
920
920
925
928
932
934
945
946
949
951
957
964
965
972
972
976
978
981
984
988
992
997
997
998
1000
1005
1010
1013
1014
1019
1021
1030
1030
1031
1031
1034
1036
1040
1043
1043
1044
1046
1047
1052
1053
1063
1066
1066
1066
1070
1075
1076
1077
1081
1084
1084
1084
1090
1093
1096
1097
1098
1100
1109
1110
1118
1121
1127
1131
1134
1137
1141
1153
1173
1176
1178
1180
1191
1197
1199
1199
1200
1217
1224
1228
1231
1233
1236
1239
1240
1242
1249
1250
1251
1252
1254
1255
1255
1257
1261
1262
1265
1268
1269
1275
1275
1276
1277
1280
1280
1285
1285
1288
1289
1295
1295
1302
1305
1308
1316
1321
1324
1325
1328
1328
1330
1331
1336
1344
1345
1352
1353
1355
1358
1362
1366
1366
1372
1372
1372
1373
1375
1380
1381
1381
1383
1384
1391
1392
1394
1400
1403
1411
1411
1415
1415
1416
1422
1423
1424
1427
1430
1430
1434
1435
1436
1443
1447
1448
1449
1455
1455
1458
1465
1465
1469
1471
1473
1481
1487
1495
1503
1509
1517
1523
1530
1531
1531
1535
1555
1555
1558
1559
1560
1566
1570
1570
1575
1578
1582
1583
1585
1587
1589
1591
1592
1596
1601
1607
1607
1608
1610
1616
1619
1625
1628
1632
1643
1646
1647
1649
1661
1668
1671
1672
1676
1685
1692
1698
1704
1716
1717
1718
1721
1727
1732
1739
1746
1747
1749
1752
1754
1760
1766
1777
1778
1778
1780
1787
1790
1793
1794
1795
1801
1806
1807
1814
1818
1818
1819
1824
1832
1834
1840
1845
1846
1847
1849
1853
1853
1853
1857
1860
1863
1874
1879
1880
1880
1887
1887
1889
1891
1892
1893
1894
1895
1911
1912
1913
1917
1919
1920
1928
1931
1935
1936
1939
1945
1954
1955
1960
1961
1962
1962
1966
1967
1971
1976
1981
1990
1991
1991
1998
2008
2010
2013
2013
2017
2018
2020
2029
2036
2036
2044
2044
2045
2051
2053
2056
2058
2059
2059
2059
2071
2079
2082
2084
2089
2095
2095
2099
2100
2100
2100
2102
2103
2103
2109
2110
2111
2113
2115
2121
2126
2132
2145
2146
2152
2152
2154
2159
2160
2160
2165
2172
2177
2185
2188
2194
2198
2204
2206
2208
2208
2209
2210
2213
2217
2217
2221
2229
2229
2230
2230
2231
2236
2237
2239
2241
2242
2245
2247
2249
2252
2254
2255
2268
2272
2272
2275
2276
2277
2281
2293
2295
2295
2296
2297
2298
2299
2301
2304
2316
2321
2321
2322
2325
2327
2328
2334
2335
2337
2343
2350
2351
2351
2353
2358
2359
2363
2365
2366
2369
2374
2377
2377
2378
2378
2383
2386
2387
2389
2396
2398
2398
2400
2402
2410
2415
2425
2428
2429
2434
2434
2435
2444
2455
2457
2459
2467
2468
2470
2470
2474
2484
2487
2488
2490
2497
2498
2498
2500
2503
2504
2505
2506
2506
2520
2532
2535
2537
2538
2545
2546
2546
2547
2547
2548
2549
2551
2552
2553
2553
2554
2567
2570
2572
2576
2579
2584
2586
2587
2590
2595
2599
2607
2608
2615
2615
2624
2626
2645
2648
2651
2663
2668
2668
2671
2673
2676
2677
2681
2682
2683
2687
2701
2707
2710
2711
2711
2714
2726
2735
2746
2747
2748
2751
2755
2755
2763
2768
2768
2769
2772
2775
2776
2776
2776
2778
2784
2788
2792
2793
2795
2798
2805
2807
2810
2811
2814
2814
2814
2819
2821
2823
2827
2828
2833
2834
2836
2837
2846
2848
2851
2852
2853
2861
2862
2863
2867
2868
2871
2873
2873
2878
2878
2881
2881
2883
2884
2884
2885
2889
2889
2896
2897
2898
2898
2899
2899
2911
2912
2920
2922
2938
2942
2943
2944
2950
2952
2954
2956
2958
2959
2963
2967
2972
2972
2989
2991
2995
2996
2997
2999
3002
3005
3007
3008
3008
3009
3015
3018
3018
3021
3025
3044
3048
3051
3052
3054
3057
3061
3063
3064
3069
3071
3078
3083
3084
3085
3086
3094
3096
3096
3101
3106
3108
3111
3120
3124
3126
3129
3135
3136
3139
3140
3145
3153
3155
3157
3159
3168
3170
3170
3171
3174
3174
3180
3181
3184
3184
3188
3192
3197
3199
3200
3201
3202
3204
3212
3213
3213
3214
3221
3222
3223
3224
3225
3225
3228
3237
3238
3238
3239
3242
3247
3250
3254
3265
3265
3266
3266
3267
3270
3271
3271
3279
3279
3279
3281
3283
3289
3294
3301
3303
3304
3305
3307
3316
3317
3326
3333
3337
3337
3342
3348
3348
3354
3363
3365
3365
3368
3370
3370
3377
3379
3385
3395
3395
3399
3401
3405
3412
3415
3431
3433
3433
3433
3433
3440
3441
3443
3445
3460
3463
3464
3465
3466
3468
3476
3484
3507
3509
3510
3521
3525
3525
3530
3532
3532
3535
3536
3537
3539
3539
3540
3552
3557
3559
3563
3567
3571
3577
3584
3587
3588
3591
3592
3595
3599
3600
3602
3605
3607
3611
3616
3616
3621
3627
3628
3658
3658
3662
3669
3671
3672
3676
3678
3683
3684
3687
3691
3693
3701
3714
3714
3716
3719
3720
3722
3724
3727
3731
3731
3731
3735
3739
3740
3740
3742
3743
3747
3748
3753
3756
3757
3758
3766
3767
3770
3773
3781
3786
3787
3793
3797
3800
3802
3781
3806
3807
3808
3808
3810
3811
3811
3815
3815
3816
3819
3819
3822
3826
3832
3833
3837
3839
3839
3845
3849
3852
3853
3862
3867
3875
3880
3881
3882
3883
3885
3885
3891
3892
3904
3910
3910
3914
3929
3931
3932
3936
3936
3937
3938
3938
3939
3942
3943
3945
3946
3952
3955
3956
3956
3958
3961
3982
3988
3990
3993
3993
3993
4000
4001
4004
4006
4012
4017
4017
4018
4018
4028
4028
4030
4032
4036
4039
4044
4049
4049
4052
4053
4056
4064
4067
4070
4076
4077
4077
4077
4078
4079
4084
4087
4089
4089
4103
4106
4109
4109
4110
4116
4118
4126
4127
4128
4130
4135
4140
4150
4152
4155
4157
4158
4159
4159
4161
4164
4166
4171
4171
4172
4178
4180
4181
4184
4189
4191
4195
4197
4201
4214
4217
4219
4220
4222
4225
4226
4229
4230
4231
4234
4235
4239
4239
4242
4245
4247
4247
4249
4249
4249
4253
4254
4259
4262
4265
4266
4269
4274
4274
4277
4282
4285
4290
4292
4294
4297
4300
4302
4302
4305
4307
4309
4311
4313
4321
4323
4324
4325
4325
4325
4337
4344
4346
4350
4355
4355
4358
4360
4367
4368
4374
4375
4376
4379
4389
4392
4395
4401
4403
4407
4416
4416
4421
4421
4430
4436
4441
4441
4443
4445
4449
4453
4465
4465
4473
4475
4477
4483
4484
4488
4489
4490
4491
4493
4504
4504
4505
4506
4506
4511
4516
4518
4518
4520
4522
4523
4528
4529
4530
4532
4532
4533
4533
4543
4547
4555
4556
4560
4565
4573
4577
4578
4578
4578
4581
4583
4586
4588
4591
4593
4593
4594
4605
4605
4605
4606
4606
4607
4610
4611
4611
4619
4619
4632
4632
4635
4642
4646
4648
4650
4653
4656
4658
4660
4660
4662
4668
4669
4671
4672
4672
4675
4676
4680
4683
4684
4689
4692
4693
4693
4695
4696
4696
4697
4702
4703
4705
4710
4715
4715
4717
4719
4721
4723
4734
4735
4735
4739
4739
4741
4745
4746
4749
4749
4750
4751
4761
4762
4777
4779
4779
4784
4789
4800
4800
4805
4808
4808
4810
4811
4811
4811
4816
4818
4826
4827
4828
4831
4832
4844
4844
4847
4849
4849
4849
4852
4858
4860
4865
4866
4867
4869
4873
4875
4882
4883
4885
4889
4890
4891
4896
4897
4907
4907
4908
4912
4915
4919
4920
4923
4924
4926
4935
4949
4949
4954
4956
4960
4960
4965
4967
4967
4968
4969
4973
4975
4978
4980
4983
4984
4994
4995
4995
5000
5002
5003
5004
5006
5007
5011
5011
5011
5013
5016
5017
5018
5019
5020
5026
5027
5028
5028
5031
5032
5038
5047
5051
5055
5055
5056
5057
5067
5068
5069
5074
5075
5076
5085
5087
5092
5093
5097
5102
5102
5104
5105
5106
5109
5111
5113
5114
5115
5116
5118
5120
5122
5122
5123
5124
5127
5130
5134
5135
5136
5143
5146
5147
5148
5149
5156
5158
5160
5161
5162
5167
5171
5171
5172
5181
5182
5183
5188
5193
5193
5200
5204
5205
5216
5221
5226
5229
5229
5230
5234
5235
5255
5259
5276
5278
5280
5284
5286
5294
5296
5302
5303
5303
5306
5310
5311
5312
5317
5320
5321
5328
5346
5351
5356
5356
5359
5359
5364
5369
5372
5374
5379
5383
5383
5384
5395
5402
5417
5419
5426
5427
5428
5429
5430
5432
5434
5434
5437
5438
5442
5446
5446
5450
5455
5457
5465
5466
5471
5475
5483
5486
5487
5494
5499
5501
5501
5502
5503
5503
5509
5510
5518
5518
5524
5528
5528
5535
5538
5539
5544
5545
5548
5553
5559
5560
5561
5562
5566
5569
5572
5575
5577
5580
5582
5586
5589
5596
5602
5607
5608
5614
5615
5621
5626
5631
5633
5634
5635
5636
5639
5645
5651
5655
5661
5661
5661
5664
5669
5671
5672
5682
5683
5691
5694
5700
5703
5704
5706
5715
5717
5717
5718
5727
5729
5733
5734
5735
5747
5749
5762
5764
5770
5771
5772
5775
5775
5777
5784
5787
5789
5792
5793
5793
5797
5800
5805
5806
5811
5811
5814
5816
5817
5820
5822
5823
5824
5825
5835
5837
5838
5839
5848
5848
5848
5852
5860
5865
5874
5875
5880
5880
5885
5886
5887
5891
5896
5897
5903
5904
5904
5909
5915
5916
5917
5921
5924
5926
5928
5930
5931
5931
5945
5952
5952
5960
5961
5966
5968
5969
5969
5972
5974
5978
5981
5991
5994
5994
5997
6002
6005
6006
6007
6007
6008
6022
6023
6028
6028
6028
6030
6030
6030
6033
6035
6036
6036
6037
6044
6044
6045
6046
6054
6057
6058
6059
6060
6060
6062
6066
6067
6074
6078
6085
6092
6097
6101
6101
6101
6101
6102
6102
6105
6112
6113
6119
6121
6122
6132
6134
6143
6148
6155
6158
6163
6165
6165
6168
6171
6182
6183
6183
6185
6193
6196
6198
6199
6209
6211
6214
6220
6222
6227
6229
6229
6230
6233
6239
6243
6244
6244
6245
6249
6250
6253
6254
6261
6263
6267
6268
6268
6284
6287
6287
6290
6291
6293
6294
6294
6296
6302
6304
6305
6309
6310
6311
6314
6319
6321
6324
6325
6326
6326
6339
6345
6355
6356
6365
6370
6370
6372
6372
6388
6389
6390
6394
6403
6410
6413
6421
6421
6433
6443
6443
6450
6454
6456
6459
6461
6463
6463
6463
6467
6472
6482
6482
6487
6487
6493
6495
6495
6498
6499
6501
6504
6507
6513
6513
6515
6518
6519
6521
6522
6534
6535
6540
6540
6545
6549
6553
6554
6556
6556
6560
6564
6570
6570
6575
6579
6584
6584
6593
6597
6600
6601
6602
6602
6610
6613
6620
6624
6634
6637
6638
6643
6643
6644
6647
6667
6668
6676
6678
6679
6680
6685
6686
6692
6692
6705
6708
6715
6717
6718
6720
6722
6724
6724
6724
6725
6726
6727
6732
6738
6744
6747
6748
6750
6750
6751
6753
6753
6755
6755
6760
6763
6764
6765
6766
6771
6773
6774
6775
6776
6780
6781
6781
6785
6787
6788
6791
6794
6796
6798
6798
6799
6804
6809
6809
6814
6814
6822
6826
6828
6828
6828
6831
6833
6842
6842
6854
6861
6861
6863
6869
6873
6874
6875
6881
6884
6890
6895
6901
6907
6912
6914
6915
6919
6922
6922
6923
6929
6934
6941
6943
6944
6957
6957
6959
6961
6966
6971
6972
6973
6981
6989
6995
6996
6997
6999
7000
7002
7002
7004
7007
7014
7014
7017
7018
7019
7025
7028
7029
7029
7030
7031
7032
7032
7032
7033
7035
7035
7040
7043
7046
7048
7053
7060
7063
7069
7072
7074
7075
7091
7095
7096
7098
7101
7101
7103
7103
7104
7106
7113
7116
7125
7127
7129
7135
7140
7143
7144
7148
7152
7153
7153
7154
7156
7157
7160
7161
7163
7164
7171
7175
7177
7183
7198
7200
7213
7215
7217
7219
7224
7230
7231
7232
7237
7238
7242
7247
7250
7251
7254
7256
7256
7257
7259
7259
7260
7260
7266
7269
7274
7274
7277
7289
7290
7294
7295
7296
7300
7302
7308
7310
7317
7317
7321
7329
7333
7335
7338
7342
7348
7349
7356
7357
7359
7359
7363
7365
7367
7370
7370
7372
7373
7375
7380
7386
7393
7400
7407
7415
7419
7421
7428
7429
7431
7433
7435
7437
7443
7445
7446
7448
7450
7452
7453
7453
7459
7466
7467
7468
7472
7472
7479
7481
7490
7492
7492
7495
7502
7503
7505
7506
7510
7514
7517
7518
7518
7520
7526
7527
7530
7533
7534
7535
7541
7541
7542
7553
7557
7565
7566
7568
7573
7577
7578
7578
7579
7580
7583
7584
7585
7586
7597
7601
7604
7608
7611
7613
7618
7623
7625
7626
7629
7630
7634
7635
7636
7637
7644
7646
7648
7655
7661
7666
7676
7677
7677
7680
7680
7683
7686
7689
7691
7693
7696
7704
7710
7713
7713
7722
7731
7732
7733
7734
7738
7738
7740
7747
7748
7750
7750
7761
7763
7768
7771
7775
7775
7781
7781
7786
7786
7790
7793
7793
7793
7796
7797
7800
7802
7810
7814
7816
7817
7819
7832
7839
7844
7845
7861
7862
7868
7868
7869
7874
7876
7878
7887
7888
7890
7893
7894
7894
7894
7897
7898
7900
7907
7909
7913
7921
7924
7926
7934
7938
7951
7953
7961
7963
7967
7968
7969
7969
7978
7980
7984
7991
7991
8002
8004
8004
8005
8005
8009
8019
8019
8019
8019
8023
8033
8033
8033
8039
8040
8043
8046
8052
8059
8070
8073
8073
8074
8079
8079
8085
8091
8091
8093
8094
8102
8104
8111
8125
8126
8127
8127
8128
8139
8142
8149
8159
8164
8164
8167
8168
8181
8182
8182
8184
8196
8200
8201
8203
8206
8209
8212
8214
8216
8217
8218
8221
8227
8236
8242
8247
8247
8254
8257
8267
8268
8268
8269
8270
8280
8285
8288
8288
8293
8299
8300
8301
8302
8303
8304
8306
8309
8309
8310
8321
8321
8325
8333
8334
8336
8339
8339
8341
8342
8349
8359
8365
8371
8372
8377
8377
8379
8379
8382
8391
8391
8394
8394
8396
8399
8401
8404
8413
8422
8429
8431
8444
8456
8466
8473
8473
8474
8476
8486
8487
8487
8491
8501
8506
8512
8514
8525
8527
8530
8530
8536
8536
8538
8543
8552
8555
8560
8561
8571
8573
8577
8593
8595
8599
8599
8605
8608
8608
8614
8621
8623
8623
8624
8624
8628
8632
8636
8642
8644
8647
8648
8653
8665
8671
8672
8673
8676
8677
8683
8685
8688
8688
8694
8697
8698
8699
8704
8705
8706
8712
8712
8713
8714
8714
8717
8723
8723
8726
8727
8739
8739
8743
8743
8743
8751
8753
8762
8767
8767
8772
8774
8775
8780
8782
8783
8784
8785
8786
8786
8790
8796
8797
8800
8802
8805
8807
8814
8825
8831
8837
8837
8842
8845
8856
8862
8863
8863
8866
8866
8876
8883
8886
8889
8897
8897
8898
8898
8900
8900
8913
8914
8917
8919
8924
8925
8927
8927
8929
8935
8941
8941
8941
8941
8943
8945
8945
8945
8946
8951
8954
8962
8963
8965
8966
8974
8975
8977
8979
8984
8989
8995
8998
8998
9001
9001
9003
9008
9008
9013
9014
9017
9020
9034
9044
9045
9046
9046
9046
9057
9057
9058
9061
9062
9062
9063
9065
9067
9073
9075
9080
9085
9089
9097
9103
9105
9110
9120
9120
9122
9123
9126
9128
9129
9135
9136
9143
9146
9147
9147
9150
9156
9161
9162
9163
9163
9170
9171
9172
9173
9174
9176
9176
9177
9179
9191
9194
9200
9205
9208
9209
9213
9216
9229
9235
9236
9236
9246
9249
9251
9251
9253
9256
9256
9263
9266
9266
9268
9269
9271
9271
9278
9278
9280
9281
9283
9283
9288
9293
9299
9306
9310
9314
9315
9324
9326
9331
9332
9332
9334
9334
9337
9348
9351
9360
9361
9362
9363
9369
9369
9370
9371
9375
9390
9393
9396
9402
9404
9407
9407
9424
9428
9434
9436
9437
9444
9445
9445
9453
9459
9467
9470
9471
9473
9479
9482
9483
9489
9492
9492
9497
9505
9505
9508
9513
9514
9517
9518
9519
9522
9524
9524
9525
9530
9533
9533
9534
9537
9538
9539
9543
9548
9548
9549
9555
9557
9560
9561
9564
9576
9581
9588
9590
9590
9591
9595
9597
9600
9602
9608
9609
9612
9612
9618
9619
9620
9625
9625
9627
9632
9633
9634
9636
9637
9638
9638
9642
9644
9644
9646
9653
9654
9674
9675
9690
9690
9692
9701
9703
9705
9714
9715
9716
9724
9725
9728
9729
9731
9733
9740
9746
9762
9762
9764
9772
9774
9777
9778
9780
9802
9803
9805
9806
9806
9814
9814
9816
9824
9828
9836
9838
9840
9842
9847
9852
9855
9863
9867
9871
9875
9877
9878
9885
9889
9893
9895
9897
9902
9902
9903
9906
9912
9916
9917
9919
9927
9927
9928
9935
9935
9936
9943
9947
9947
9951
9952
9954
9959
9962
9963
9963
9969
9971
9974
9980
9982
9983
9985
9988
9995
10001
10002
10003
10007
10015
10020
10021
10025
10025
10030
10035
10041
10042
10047
10058
10058
10060
10062
10065
10066
10066
10066
10067
10074
10074
10075
10083
10084
10085
10086
10089
10090
10094
10094
10097
10104
10105
10110
10112
10117
10117
10124
10125
10128
10132
10135
10136
10139
10141
10142
10145
10147
10151
10152
10156
10167
10180
10180
10184
10188
10191
10195
10195
10195
10198
10207
10210
10225
10227
10227
10232
10233
10235
10236
10237
10246
10249
10249
10256
10257
10259
10265
10269
10271
10278
10281
10290
10291
10293
10296
10296
10297
10302
10309
10310
10315
10315
10317
10318
10320
10326
10327
10331
10336
10345
10346
10351
10359
10359
10361
10363
10366
10372
10375
10377
10384
10387
10389
10391
10393
10394
10394
10400
10402
10405
10407
10408
10419
10421
10421
10425
10425
10431
10433
10436
10441
10450
10455
10456
10458
10463
10463
10464
10464
10466
10476
10479
10480
10481
10495
10498
10498
10499
10500
10506
10510
10513
10522
10534
10536
10536
10537
10543
10552
10553
10554
10555
10561
10561
10562
10578
10579
10580
10587
10598
10598
10600
10602
10603
10613
10617
10618
10621
10621
10622
10623
10627
10628
10631
10636
10637
10649
10658
10659
10663
10673
10673
10685
10690
10695
10701
10708
10713
10714
10716
10721
10724
10726
10727
10728
10729
10731
10733
10734
10741
10747
10752
10752
10753
10765
10767
10770
10770
10779
10781
10783
10785
10787
10788
10788
10789
10798
10800
10801
10821
10823
10823
10824
10827
10827
10828
10829
10832
10836
10837
10844
10845
10847
10850
10854
10857
10861
10866
10870
10884
10890
10890
10894
10894
10894
10895
10895
10896
10898
10898
10902
10908
10915
10915
10915
10924
10925
10925
10929
10929
10940
10944
10948
10951
10953
10956
10958
10959
10967
10967
10970
10972
10973
10975
10975
10977
10984
10985
10986
10986
10994
10998
11002
11011
11016
11035
11043
11044
11046
11047
11051
11052
11052
11058
11059
11060
11063
11064
11069
11070
11076
11090
11092
11097
11102
11103
11105
11107
11107
11113
11117
11119
11127
11129
11140
11146
11148
11149
11153
11154
11166
11172
11174
11179
11186
11189
11191
11196
11201
11205
11205
11206
11209
11222
11234
11235
11245
11251
11257
11258
11261
11265
11265
11271
11276
11278
11282
11283
11283
11283
11284
11292
11294
11295
11298
11300
11301
11303
11305
11311
11320
11328
11330
11330
11332
11332
11334
11335
11338
11342
11344
11351
11359
11360
11362
11365
11369
11370
11371
11373
11374
11376
11376
11387
11397
11404
11406
11409
11410
11410
11418
11423
11426
11436
11438
11441
11443
11444
11450
11451
11454
11454
11455
11456
11456
11471
11475
11477
11478
11479
11481
11481
11482
11482
11487
11489
11496
11503
11505
11509
11512
11513
11515
11515
11516
11517
11518
11519
11526
11527
11529
11530
11533
11536
11538
11538
11544
11550
11554
11556
11559
11564
11566
11569
11580
11588
11597
11609
11610
11630
11632
11635
11638
11643
11643
11645
11651
11653
11655
11656
11658
11659
11675
11677
11677
11682
11683
11687
11689
11690
11692
11698
11698
11701
11704
11706
11706
11711
11712
11712
11722
11725
11730
11730
11732
11737
11739
11744
11749
11751
11755
11756
11760
11761
11764
11766
11767
11770
11772
11776
11785
11787
11798
11804
11807
11810
11814
11814
11817
11821
11826
11828
11829
11830
11830
11833
11834
11836
11836
11838
11841
11845
11846
11847
11853
11853
11867
11873
11884
11886
11888
11889
11890
11891
11892
11894
11897
11899
11900
11900
11903
11908
11909
11912
11915
11923
11926
11927
11933
11939
11941
11946
11947
11950
11951
11954
11957
11957
11958
11961
11966
11970
11983
11987
11993
11994
11994
11997
11997
12007
12008
12015
12016
12016
12017
12019
12025
12025
12028
12031
12036
12038
12040
12041
12041
12042
12045
12057
12060
12068
12073
12074
12084
12086
12087
12089
12090
12094
12096
12099
12101
12104
12105
12106
12111
12112
12114
12116
12117
12117
12122
12124
12131
12132
12142
12145
12147
12157
12159
12159
12167
12180
12182
12185
12188
12192
12193
12195
12197
12199
12201
12209
12210
12210
12211
12211
12218
12223
12225
12226
12231
12233
12238
12240
12244
12248
12249
12255
12255
12260
12266
12267
12267
12271
12278
12280
12282
12283
12285
12288
12292
12294
12298
12299
12302
12304
12305
12311
12314
12314
12315
12315
12317
12320
12328
12330
12335
12338
12341
12344
12344
12344
12349
12350
12357
12370
12370
12373
12385
12388
12394
12396
12398
12399
12404
12405
12405
12407
12407
12408
12410
12415
12424
12431
12432
12433
12438
12442
12446
12450
12450
12450
12455
12455
12457
12459
12465
12469
12469
12469
12474
12476
12477
12478
12481
12482
12485
12486
12486
12487
12500
12501
12502
12506
12507
12511
12516
12517
12519
12525
12529
12534
12534
12535
12536
12544
12563
12568
12570
12579
12582
12584
12589
12590
12591
12591
12591
12600
12603
12603
12612
12614
12617
12621
12622
12628
12632
12640
12644
12651
12654
12656
12664
12671
12672
12674
12675
12678
12679
12680
12681
12685
12688
12695
12695
12696
12697
12698
12699
12707
12708
12713
12715
12720
12723
12733
12741
12750
12750
12751
12751
12753
12755
12758
12759
12760
12762
12764
12765
12765
12767
12771
12772
12773
12773
12775
12777
12781
12786
12787
12794
12798
12803
12818
12821
12825
12826
12829
12832
12839
12842
12842
12847
12848
12848
12848
12850
12855
12862
12865
12866
12867
12868
12872
12873
12877
12881
12885
12892
12893
12893
12894
12899
12905
12907
12909
12912
12912
12914
12916
12916
12922
12927
12928
12928
12937
12937
12939
12939
12941
12942
12943
12943
12944
12947
12949
12949
12962
12965
12965
12967
12972
12977
12978
12978
12979
12983
12984
12990
12992
12996
13006
13013
13020
13025
13034
13035
13035
13036
13039
13040
13041
13044
13046
13047
13049
13049
13053
13053
13057
13067
13068
13069
13075
13076
13078
13080
13086
13092
13092
13095
13101
13105
13110
13111
13114
13117
13130
13137
13137
13141
13143
13163
13169
13169
13172
13184
13186
13186
13190
13190
13191
13193
13194
13194
13195
13199
13208
13209
13210
13216
13220
13225
13225
13227
13236
13236
13236
13238
13244
13244
13250
13255
13257
13259
13261
13266
13270
13270
13278
13282
13284
13285
13288
13288
13293
13296
13296
13298
13306
13314
13317
13318
13327
13333
13335
13337
13339
13341
13343
13346
13354
13354
13355
13364
13365
13368
13371
13371
13375
13383
13387
13388
13400
13411
13414
13416
13416
13419
13422
13430
13433
13435
13439
13444
13446
13447
13448
13454
13457
13457
13461
13462
13463
13464
13464
13466
13468
13470
13482
13484
13485
13488
13505
13513
13514
13517
13519
13519
13520
13521
13521
13522
13523
13525
13529
13532
13532
13536
13540
13554
13555
13556
13557
13564
13564
13565
13566
13567
13573
13574
13575
13576
13581
13583
13584
13585
13589
13590
13591
13592
13593
13598
13601
13604
13605
13608
13609
13609
13609
13610
13611
13620
13621
13630
13643
13645
13647
13651
13652
13655
13656
13658
13658
13660
13661
13662
13668
13681
13689
13692
13692
13703
13704
13706
13710
13711
13714
13715
13719
13720
13722
13723
13734
13735
13737
13738
13738
13740
13741
13743
13746
13748
13748
13752
13763
13763
13767
13779
13784
13789
13790
13793
13795
13795
13796
13799
13806
13807
13810
13811
13816
13817
13831
13833
13835
13835
13835
13836
13837
13842
13844
13845
13852
13862
13862
13865
13869
13877
13881
13881
13886
13888
13893
13896
13900
13900
13902
13904
13904
13905
13907
13907
13908
13909
13910
13910
13919
13924
13928
13929
13931
13943
13952
13955
13955
13957
13959
13959
13962
13964
13968
13968
13968
13975
13975
13987
14003
14006
14008
14022
14022
14024
14028
14028
14030
14038
14038
14040
14042
14044
14048
14049
14053
14056
14058
14060
14062
14062
14063
14065
14066
14075
14076
14079
14081
14089
14093
14094
14098
14106
14109
14109
14127
14129
14133
14135
14136
14137
14138
14154
14158
14163
14165
14172
14173
14173
14174
14176
14179
14188
14193
14197
14197
14200
14204
14204
14206
14207
14209
14210
14213
14216
14221
14222
14224
14236
14236
14240
14242
14246
14247
14247
14254
14254
14264
14270
14273
14274
14279
14281
14287
14287
14288
14290
14291
14293
14296
14301
14305
14307
14307
14309
14314
14314
14318
14318
14338
14345
14348
14355
14355
14358
14360
14365
14366
14369
14370
14372
14377
14378
14382
14386
14389
14390
14393
14394
14399
14402
14402
14403
14406
14408
14410
14414
14415
14417
14425
14425
14426
14426
14443
14447
14450
14455
14457
14461
14467
14469
14469
14479
14479
14480
14484
14485
14486
14487
14488
14489
14494
14503
14505
14508
14508
14514
14518
14530
14536
14552
14554
14558
14559
14559
14582
14594
14595
14597
14598
14601
14603
14604
14608
14610
14611
14613
14615
14621
14633
14633
14634
14637
14643
14646
14665
14666
14669
14673
14673
14675
14676
14677
14684
14686
14687
14687
14691
14691
14702
14703
14707
14709
14714
14717
14719
14722
14723
14723
14725
14732
14736
14739
14741
14746
14750
14753
14757
14759
14761
14772
14772
14775
14780
14782
14788
14794
14795
14795
14800
14804
14806
14807
14810
14813
14822
14824
14827
14834
14841
14842
14850
14853
14865
14865
14869
14869
14873
14874
14878
14879
14884
14886
14896
14897
14906
14906
14909
14910
14911
14912
14912
14914
14921
14925
14926
14926
14927
14927
14933
14952
14953
14962
14965
14966
14966
14974
14975
14979
14979
14982
14985
14991
14992
14994
14995
14995
14995
14999
15015
15019
15021
15021
15025
15026
15037
15037
15047
15049
15052
15053
15053
15059
15060
15063
15065
15065
15069
15070
15080
15081
15082
15090
15093
15097
15104
15105
15106
15108
15115
15118
15119
15120
15124
15129
15132
15135
15138
15140
15147
15156
15170
15175
15182
15188
15189
15191
15191
15191
15195
15198
15201
15203
15211
15218
15223
15223
15225
15226
15227
15230
15232
15233
15240
15248
15250
15250
15254
15262
15262
15263
15283
15288
15288
15291
15292
15295
15295
15295
15296
15297
15297
15298
15302
15307
15308
15309
15313
15315
15319
15319
15320
15320
15321
15321
15323
15328
15328
15331
15332
15344
15345
15345
15351
15359
15360
15361
15362
15380
15381
15383
15388
15390
15392
15393
15393
15395
15399
15400
15404
15416
15418
15424
15426
15426
15431
15432
15442
15446
15449
15452
15453
15456
15456
15465
15473
15473
15475
15476
15480
15482
15482
15484
15484
15485
15485
15485
15486
15488
15489
15490
15491
15493
15494
15504
15507
15512
15517
15517
15527
15529
15529
15530
15530
15533
15536
15541
15542
15542
15545
15547
15551
15554
15554
15563
15564
15574
15579
15582
15583
15585
15587
15589
15592
15592
15593
15598
15599
15602
15607
15607
15610
15610
15611
15611
15613
15613
15615
15624
15628
15628
15629
15633
15634
15637
15643
15644
15650
15652
15654
15654
15658
15660
15663
15666
15667
15670
15673
15680
15691
15696
15697
15701
15704
15709
15716
15718
15720
15722
15725
15729
15730
15730
15732
15736
15737
15738
15739
15746
15748
15748
15751
15753
15757
15760
15766
15766
15768
15769
15769
15771
15775
15782
15784
15787
15788
15793
15793
15794
15795
15797
15799
15801
15812
15812
15814
15818
15819
15826
15831
15832
15833
15836
15841
15849
15849
15853
15854
15855
15858
15859
15859
15859
15867
15869
15871
15873
15879
15879
15883
15886
15886
15887
15887
15898
15903
15907
15910
15912
15913
15915
15915
15920
15922
15923
15929
15931
15934
15940
15945
15946
15954
15958
15959
15960
15962
15970
15972
15978
15978
15981
15988
15995
15997
16006
16009
16010
16016
16018
16019
16019
16020
16020
16023
16023
16027
16034
16035
16039
16042
16042
16044
16047
16047
16051
16056
16059
16060
16064
16067
16070
16071
16074
16076
16078
16079
16086
16086
16087
16089
16089
16092
16096
16110
16114
16120
16124
16127
16128
16135
16138
16140
16149
16149
16154
16154
16156
16157
16159
16160
16162
16163
16173
16176
16180
16180
16182
16182
16184
16191
16193
16193
16196
16199
16199
16203
16204
16220
16222
16224
16224
16226
16230
16231
16231
16232
16234
16236
16236
16238
16238
16246
16250
16252
16252
16256
16262
16264
16269
16269
16270
16270
16271
16272
16275
16280
16283
16288
16294
16302
16303
16308
16311
16316
16317
16324
16329
16334
16335
16336
16342
16355
16356
16359
16361
16362
16365
16369
16376
16379
16379
16384
16385
16392
16394
16395
16407
16414
16415
16416
16421
16428
16436
16439
16439
16440
16443
16446
16446
16451
16455
16460
16462
16466
16468
16470
16472
16477
16479
16484
16486
16486
16489
16491
16491
16493
16494
16498
16500
16509
16509
16510
16514
16522
16527
16532
16533
16541
16543
16544
16544
16545
16548
16554
16556
16559
16566
16578
16578
16581
16583
16594
16596
16600
16603
16611
16613
16613
16614
16616
16619
16619
16622
16623
16626
16628
16635
16637
16642
16645
16649
16650
16652
16657
16657
16663
16663
16664
16664
16669
16670
16670
16671
16673
16681
16686
16686
16691
16691
16691
16692
16696
16699
16699
16702
16703
16710
16715
16717
16718
16718
16720
16722
16723
16725
16733
16740
16742
16753
16755
16762
16765
16775
16777
16779
16787
16790
16802
16804
16806
16808
16808
16809
16814
16818
16820
16823
16827
16834
16840
16840
16841
16843
16844
16847
16850
16856
16863
16863
16870
16872
16876
16882
16884
16890
16890
16890
16893
16895
16901
16906
16910
16913
16913
16916
16916
16923
16930
16931
16932
16933
16935
16942
16945
16954
16956
16959
16962
16970
16971
16973
16975
16975
16985
16986
16991
16992
16992
16998
16999
17002
17002
17002
17002
17003
17006
17006
17008
17013
17016
17018
17018
17021
17025
17026
17028
17029
17029
17038
17044
17055
17059
17062
17063
17065
17068
17069
17074
17077
17082
17084
17094
17102
17103
17104
17113
17115
17116
17116
17116
17117
17127
17127
17130
17131
17132
17133
17136
17140
17144
17148
17153
17154
17172
17177
17178
17179
17181
17182
17192
17196
17206
17207
17211
17217
17218
17230
17231
17231
17246
17247
17247
17248
17248
17254
17258
17268
17279
17281
17288
17289
17294
17295
17296
17298
17300
17302
17302
17302
17304
17309
17311
17315
17317
17323
17324
17332
17334
17338
17344
17345
17351
17352
17354
17354
17360
17364
17371
17378
17381
17390
17391
17393
17401
17406
17408
17410
17410
17412
17414
17416
17417
17419
17423
17426
17427
17428
17430
17437
17437
17438
17441
17443
17447
17458
17463
17464
17472
17472
17476
17487
17487
17496
17503
17504
17507
17509
17511
17517
17519
17520
17520
17521
17523
17527
17527
17536
17538
17540
17543
17552
17559
17560
17565
17570
17577
17584
17592
17593
17597
17600
17603
17605
17606
17607
17615
17616
17616
17618
17618
17622
17623
17627
17627
17632
17632
17633
17643
17654
17654
17655
17660
17668
17671
17673
17676
17677
17682
17684
17686
17688
17689
17692
17697
17701
17702
17705
17706
17707
17714
17719
17719
17727
17733
17734
17737
17739
17742
17748
17749
17749
17754
17754
17756
17762
17763
17771
17781
17782
17783
17783
17783
17789
17791
17794
17794
17796
17799
17801
17804
17806
17807
17808
17812
17819
17823
17825
17840
17841
17844
17846
17846
17848
17849
17854
17858
17859
17863
17866
17866
17870
17871
17872
17874
17875
17879
17882
17884
17885
17886
17892
17892
17894
17894
17895
17902
17902
17902
17905
17925
17926
17927
17929
17939
17942
17943
17943
17943
17947
17947
17951
17953
17953
17956
17958
17958
17960
17962
17966
17971
17972
17973
17978
17982
17983
17991
17993
17999
18001
18001
18001
18006
18013
18014
18016
18020
18031
18032
18032
18034
18034
18035
18035
18036
18038
18040
18064
18066
18068
18072
18079
18079
18080
18081
18081
18084
18085
18088
18089
18091
18092
18100
18102
18104
18104
18115
18122
18123
18125
18129
18133
18137
18137
18144
18145
18151
18151
18153
18156
18157
18158
18158
18160
18161
18161
18163
18163
18164
18166
18168
18171
18178
18178
18194
18195
18195
18196
18200
18204
18207
18213
18214
18216
18223
18224
18225
18229
18231
18239
18246
18248
18262
18266
18267
18272
18272
18272
18273
18274
18276
18277
18286
18289
18289
18290
18295
18296
18296
18298
18309
18312
18314
18316
18318
18319
18319
18323
18323
18337
18339
18356
18357
18357
18357
18359
18361
18364
18364
18374
18382
18383
18385
18388
18390
18391
18392
18397
18399
18404
18405
18406
18410
18410
18419
18420
18427
18427
18429
18434
18440
18445
18447
18448
18453
18466
18470
18477
18485
18486
18487
18487
18489
18496
18499
18500
18502
18503
18510
18512
18513
18513
18514
18518
18519
18520
18538
18541
18543
18552
18555
18560
18560
18561
18567
18574
18575
18578
18584
18585
18587
18589
18592
18594
18595
18598
18600
18605
18606
18610
18617
18617
18622
18626
18630
18633
18640
18642
18643
18647
18648
18658
18666
18668
18670
18670
18685
18690
18691
18696
18697
18698
18701
18704
18704
18704
18706
18711
18711
18712
18715
18717
18718
18718
18729
18735
18743
18744
18755
18755
18756
18762
18763
18763
18765
18766
18774
18775
18787
18789
18795
18795
18796
18797
18804
18805
18807
18808
18808
18809
18809
18815
18818
18828
18831
18834
18835
18837
18839
18845
18851
18852
18855
18860
18863
18867
18869
18869
18869
18873
18877
18879
18891
18891
18894
18899
18915
18921
18922
18935
18935
18955
18956
18957
18961
18965
18967
18967
18974
18975
18978
18982
18989
18990
18997
18998
19000
19003
19008
19011
19011
19011
19013
19017
19017
19018
19024
19024
19025
19028
19028
19030
19030
19033
19053
19053
19054
19055
19058
19063
19074
19075
19076
19079
19080
19083
19084
19090
19090
19096
19103
19106
19107
19109
19111
19112
19115
19127
19141
19142
19142
19143
19146
19148
19149
19150
19150
19150
19153
19156
19165
19167
19172
19019
19176
19177
19187
19198
19199
19202
19203
19204
19204
19218
19218
19224
19229
19231
19235
19249
19253
19253
19253
19255
19257
19261
19264
19273
19274
19274
19282
19285
19287
19294
19296
19300
19300
19304
19306
19311
19314
19318
19325
19343
19343
19347
19348
19348
19350
19353
19353
19364
19365
19367
19367
19380
19391
19401
19403
19404
19410
19411
19414
19415
19417
19418
19419
19419
19420
19420
19424
19428
19432
19440
19442
19444
19445
19446
19450
19454
19456
19463
19463
19474
19475
19477
19479
19481
19482
19485
19485
19492
19496
19500
19502
19504
19505
19510
19511
19513
19513
19519
19521
19521
19525
19527
19533
19534
19535
19535
19542
19548
19549
19550
19551
19556
19557
19561
19561
19562
19565
19576
19578
19584
19584
19586
19590
19593
19593
19597
19597
19600
19604
19607
19609
19619
19621
19627
19627
19628
19632
19633
19647
19657
19665
19668
19673
19673
19676
19681
19684
19686
19688
19688
19698
19701
19701
19710
19720
19721
19722
19722
19722
19723
19726
19728
19734
19738
19753
19754
19762
19762
19766
19768
19770
19770
19773
19775
19775
19799
19819
19823
19825
19832
19835
19836
19842
19847
19848
19852
19856
19856
19860
19860
19863
19870
19872
19876
19876
19885
19888
19891
19905
19913
19915
19917
19917
19928
19932
19932
19934
19937
19939
19939
19946
19946
19948
19951
19953
19956
19961
19961
19964
19969
19971
19982
19991
19995
19996
19996
19997
20015
20022
20030
20031
20033
20035
20041
20045
20051
20054
20055
20057
20063
20065
20067
20069
20073
20076
20078
20080
20081
20084
20094
20096
20099
20103
20105
20106
20108
20109
20113
20117
20117
20119
20128
20133
20137
20141
20147
20150
20152
20155
20157
20157
20159
20161
20163
20171
20171
20172
20173
20176
20178
20182
20187
20193
20195
20198
20200
20202
20206
20209
20229
20242
20244
20245
20246
20246
20254
20256
20257
20268
20273
20275
20280
20282
20286
20289
20298
20302
20302
20304
20305
20306
20309
20322
20325
20333
20338
20345
20346
20348
20349
20352
20353
20353
20359
20360
20361
20362
20363
20365
20383
20384
20384
20387
20389
20402
20403
20410
20413
20419
20420
20426
20430
20432
20439
20443
20444
20444
20444
20446
20448
20449
20449
20450
20456
20457
20457
20458
20466
20466
20478
20478
20479
20481
20487
20493
20493
20498
20500
20500
20503
20505
20508
20509
20513
20517
20531
20533
20534
20538
20540
20545
20545
20547
20548
20550
20552
20552
20552
20556
20559
20565
20570
20570
20571
20572
20574
20574
20575
20576
20576
20577
20579
20587
20587
20589
20589
20589
20598
20601
20602
20603
20608
20609
20611
20613
20615
20621
20621
20622
20629
20629
20633
20634
20638
20640
20641
20642
20643
20647
20652
20658
20666
20670
20674
20674
20675
20680
20682
20684
20691
20699
20701
20701
20715
20716
20719
20722
20722
20728
20734
20741
20743
20749
20750
20755
20756
20759
20759
20760
20761
20762
20763
20767
20769
20776
20779
20779
20780
20785
20785
20786
20793
20797
20799
20800
20800
20801
20802
20811
20814
20816
20819
20824
20833
20840
20841
20844
20845
20845
20846
20848
20849
20852
20852
20853
20864
20865
20865
20867
20875
20878
20880
20888
20898
20901
20901
20904
20911
20911
20911
20914
20915
20917
20918
20927
20929
20932
20934
20936
20936
20940
20941
20955
20957
20960
20960
20960
20965
20966
20970
20970
20970
20974
20976
20977
20990
20993
20998
21000
21004
21007
21007
21009
21013
21015
21020
21023
21030
21030
21037
21037
21058
21067
21077
21079
21080
21084
21085
21090
21091
21091
21092
21095
21097
21101
21103
21106
21108
21115
21115
21118
21118
21123
21124
21126
21138
21139
21142
21142
21142
21144
21145
21147
21150
21155
21164
21175
21178
21179
21189
21190
21191
21192
21199
21200
21201
21203
21205
21213
21215
21217
21218
21222
21223
21224
21226
21228
21231
21239
21239
21242
21242
21244
21247
21247
21255
21257
21260
21268
21273
21274
21281
21288
21293
21294
21294
21295
21295
21301
21307
21310
21314
21318
21321
21322
21322
21323
21325
21325
21328
21329
21329
21336
21336
21339
21344
21373
21379
21382
21382
21383
21390
21391
21393
21395
21397
21397
21398
21401
21403
21410
21418
21431
21445
21448
21453
21456
21456
21459
21460
21468
21469
21477
21479
21479
21486
21486
21489
21494
21495
21498
21501
21503
21509
21511
21516
21523
21523
21523
21525
21527
21533
21533
21534
21534
21540
21541
21542
21548
21554
21557
21558
21560
21561
21563
21563
21564
21565
21572
21573
21576
21578
21583
21608
21608
21613
21621
21622
21622
21622
21627
21628
21629
21631
21643
21645
21649
21655
21655
21655
21657
21657
21661
21672
21673
21677
21685
21694
21696
21699
21702
21704
21716
21719
21720
21722
21724
21726
21741
21748
21759
21761
21763
21764
21766
21767
21768
21772
21777
21779
21783
21783
21793
21794
21799
21800
21804
21810
21815
21817
21819
21822
21827
21831
21834
21839
21840
21842
21851
21851
21855
21856
21857
21860
21863
21865
21868
21877
21882
21883
21893
21902
21904
21909
21910
21911
21911
21913
21914
21919
21928
21930
21930
21931
21932
21932
21936
21937
21938
21938
21939
21941
21941
21943
21948
21950
21956
21957
21961
21967
21971
21974
21979
21979
21981
21987
21991
21999
22003
22008
22010
22022
22022
22025
22026
22034
22035
22042
22047
22057
22058
22058
22061
22063
22066
22071
22072
22073
22073
22074
22076
22081
22084
22090
22091
22093
22094
22097
22098
22098
22104
22108
22108
22108
22111
22111
22111
22112
22112
22116
22123
22125
22130
22132
22133
22141
22142
22150
22151
22153
22157
22157
22158
22162
22163
22163
22167
22168
22168
22172
22177
22180
22183
22185
22186
22187
22189
22191
22191
22191
22194
22201
22204
22210
22221
22222
22226
22227
22231
22234
22241
22245
22259
22268
22269
22272
22273
22274
22277
22277
22282
22284
22287
22287
22293
22300
22301
22301
22302
22303
22307
22309
22311
22312
22315
22315
22317
22323
22323
22324
22328
22329
22331
22332
22333
22340
22348
22353
22356
22357
22358
22364
22366
22367
22370
22373
22374
22376
22380
22380
22385
22391
22392
22394
22398
22401
22406
22409
22411
22411
22413
22418
22418
22422
22423
22423
22436
22442
22448
22455
22455
22457
22459
22459
22459
22461
22465
22468
22470
22473
22476
22476
22482
22484
22490
22491
22500
22502
22502
22510
22515
22527
22528
22530
22530
22535
22550
22554
22557
22563
22564
22565
22567
22579
22581
22583
22586
22594
22598
22601
22604
22610
22612
22618
22621
22623
22628
22631
22631
22632
22644
22646
22646
22652
22653
22662
22663
22668
22669
22670
22674
22674
22681
22682
22690
22691
22696
22697
22698
22700
22703
22708
22710
22714
22715
22717
22721
22724
22728
22730
22733
22735
22737
22744
22746
22747
22748
22750
22751
22758
22759
22759
22760
22762
22777
22783
22785
22786
22787
22789
22792
22792
22792
22798
22808
22810
22812
22814
22816
22821
22840
22840
22844
22845
22848
22853
22854
22855
22856
22861
22867
22871
22872
22873
22873
22873
22876
22880
22880
22881
22886
22887
22894
22895
22896
22900
22901
22902
22904
22906
22907
22910
22918
22921
22927
22928
22936
22942
22943
22949
22951
22960
22972
22972
22972
22975
22984
22984
22994
22994
22996
22996
22998
22999
23009
23017
23022
23022
23023
23024
23024
23027
23031
23032
23033
23036
23040
23045
23053
23054
23056
23057
23074
23074
23081
23082
23085
23089
23094
23094
23098
23106
23108
23116
23117
23119
23121
23125
23135
23136
23138
23143
23146
23157
23163
23167
23171
23171
23176
23178
23179
23180
23181
23183
23189
23193
23198
23200
23201
23203
23208
23208
23210
23210
23210
23212
23213
23219
23219
23226
23226
23226
23234
23235
23236
23239
23241
23247
23252
23257
23265
23265
23266
23266
23269
23271
23278
23279
23280
23285
23291
23291
23295
23295
23300
23302
23303
23304
23307
23309
23309
23311
23314
23317
23320
23323
23328
23342
23346
23348
23349
23354
23356
23360
23363
23375
23378
23378
23380
23380
23396
23401
23406
23406
23407
23407
23409
23412
23414
23416
23424
23426
23426
23442
23445
23450
23453
23460
23462
23465
23477
23480
23487
23487
23494
23495
23497
23511
23511
23512
23516
23521
23526
23526
23527
23527
23530
23543
23555
23570
23571
23573
23575
23580
23581
23581
23584
23586
23589
23591
23596
23598
23599
23600
23602
23606
23609
23610
23611
23612
23613
23615
23617
23618
23622
23625
23631
23634
23637
23637
23639
23649
23655
23660
23664
23666
23676
23678
23691
23693
23698
23699
23701
23704
23705
23705
23711
23713
23719
23727
23727
23730
23732
23736
23737
23740
23740
23742
23746
23750
23754
23756
23757
23757
23761
23762
23769
23771
23771
23783
23784
23785
23786
23787
23789
23789
23789
23793
23797
23799
23800
23803
23805
23807
23809
23812
23821
23823
23824
23829
23833
23841
23845
23848
23853
23855
23860
23865
23868
23870
23874
23874
23877
23878
23881
23883
23887
23893
23894
23895
23898
23905
23906
23911
23912
23913
23913
23915
23918
23919
23919
23920
23927
23931
23938
23947
23949
23955
23961
23967
23977
23981
23985
23985
23987
23991
23993
23998
24001
24002
24003
24004
24008
24013
24021
24028
24033
24033
24034
24036
24044
24044
24045
24047
24051
24055
24058
24060
24061
24066
24066
24073
24076
24077
24080
24084
24085
24092
24092
24108
24114
24115
24115
24115
24121
24125
24126
24126
24135
24138
24144
24144
24148
24150
24153
24155
24159
24160
24167
24168
24172
24174
24176
24178
24182
24188
24189
24196
24196
24197
24206
24207
24211
24216
24216
24218
24222
24222
24222
24226
24230
24232
24237
24244
24251
24261
24262
24266
24268
24269
24271
24273
24273
24273
24275
24277
24279
24279
24284
24284
24289
24295
24297
24300
24307
24308
24309
24311
24313
24313
24320
24327
24328
24329
24329
24331
24340
24342
24343
24357
24357
24365
24365
24366
24369
24370
24371
24372
24374
24374
24378
24378
24390
24393
24395
24400
24401
24408
24409
24411
24414
24419
24419
24435
24450
24451
24451
24461
24462
24464
24466
24467
24467
24477
24477
24479
24481
24481
24482
24482
24482
24485
24486
24489
24490
24494
24496
24498
24502
24505
24510
24512
24513
24515
24524
24525
24531
24541
24541
24550
24554
24555
24556
24557
24558
24561
24562
24564
24566
24570
24571
24578
24581
24582
24585
24587
24587
24596
24597
24597
24603
24604
24606
24611
24612
24617
24620
24623
24633
24636
24642
24645
24647
24649
24651
24653
24654
24666
24667
24669
24670
24674
24675
24677
24678
24682
24684
24688
24690
24696
24699
24700
24701
24703
24708
24710
24710
24712
24714
24714
24716
24717
24721
24725
24732
24734
24737
24742
24747
24752
24761
24763
24769
24775
24777
24778
24778
24780
24781
24781
24787
24788
24789
24795
24797
24798
24806
24807
24809
24813
24820
24825
24834
24835
24837
24846
24852
24856
24864
24866
24867
24869
24871
24873
24875
24877
24877
24879
24880
24881
24881
24886
24891
24910
24914
24914
24916
24916
24916
24917
24920
24924
24925
24927
24931
24933
24937
24949
24952
24957
24962
24963
24966
24968
24971
24973
24975
24975
24980
24982
24982
24985
24985
24987
24993
24995
24997
25004
25004
25009
25024
25025
25026
25027
25027
25034
25038
25039
25040
25040
25041
25047
25056
25060
25062
25064
25066
25068
25083
25083
25087
25087
25087
25096
25099
25101
25103
25105
25106
25111
25115
25125
25127
25128
25136
25146
25148
25149
25163
25163
25163
25165
25165
25165
25175
25187
25188
25191
25192
25193
25200
25202
25206
25208
25209
25221
25224
25228
25231
25233
25244
25251
25253
25255
25257
25258
25263
25265
25266
25268
25269
25274
25275
25279
25279
25282
25288
25290
25297
25303
25317
25318
25321
25323
25337
25338
25341
25381
25344
25352
25352
25353
25353
25361
25366
25368
25369
25371
25372
25375
25376
25380
25381
25385
25385
25387
25407
25411
25414
25418
25421
25422
25423
25425
25428
25428
25428
25430
25430
25449
25457
25461
25462
25465
25467
25471
25472
25479
25486
25489
25490
25492
25498
25504
25509
25509
25513
25521
25523
25529
25529
25531
25531
25532
25537
25541
25544
25547
25552
25556
25556
25563
25566
25568
25568
25570
25573
25576
25580
25580
25584
25593
25593
25594
25596
25602
25602
25605
25605
25606
25607
25615
25615
25617
25618
25622
25626
25629
25631
25632
25638
25640
25647
25650
25652
25666
25669
25670
25672
25686
25691
25691
25699
25700
25705
25706
25712
25716
25717
25719
25720
25726
25727
25728
25729
25730
25736
25737
25742
25747
25752
25755
25756
25757
25757
25773
25774
25779
25781
25781
25784
25787
25787
25789
25796
25802
25803
25817
25823
25827
25831
25831
25835
25836
25838
25848
25852
25859
25862
25863
25863
25864
25867
25867
25869
25871
25877
25879
25882
25884
25886
25891
25891
25893
25905
25911
25914
25916
25922
25923
25929
25930
25937
25945
25947
25948
25949
25951
25952
25955
25969
25980
25990
25992
25993
25995
25995
25996
25996
25998
25999
26006
26007
26016
26016
26018
26021
26025
26030
26034
26034
26036
26037
26045
26047
26050
26053
26055
26057
26059
26059
26061
26065
26067
26075
26076
26089
26090
26091
26092
26098
26098
26100
26100
26102
26104
26106
26109
26110
26112
26114
26118
26121
26125
26126
26128
26130
26139
26143
26148
26148
26151
26154
26160
26164
26168
26170
26176
26181
26182
26183
26185
26185
26188
26192
26196
26197
26199
26212
26213
26213
26217
26218
26218
26221
26227
26229
26230
26240
26250
26254
26254
26254
26257
26261
26263
26263
26264
26264
26264
26274
26275
26277
26282
26293
26299
26299
26300
26309
26311
26316
26325
26327
26329
26334
26337
26339
26342
26344
26346
26350
26351
26353
26361
26362
26364
26366
26370
26370
26372
26373
26374
26375
26376
26377
26378
26388
26402
26409
26411
26419
26419
26421
26422
26427
26437
26437
26437
26439
26439
26441
26448
26449
26458
26460
26470
26479
26480
26484
26486
26488
26489
26490
26491
26498
26501
26502
26504
26507
26508
26509
26510
26518
26519
26523
26527
26527
26531
26533
26534
26540
26541
26545
26547
26554
26559
26560
26581
26590
26591
26593
26595
26595
26595
26600
26601
26609
26610
26610
26615
26617
26618
26620
26623
26625
26626
26630
26633
26633
26634
26638
26650
26656
26656
26665
26672
26677
26678
26680
26680
26680
26684
26685
26687
26692
26695
26697
26698
26704
26704
26707
26708
26709
26712
26713
26715
26717
26719
26721
26729
26729
26733
26737
26738
26741
26743
26755
26756
26769
26774
26776
26776
26778
26778
26778
26783
26783
26789
26792
26795
26800
26809
26811
26811
26812
26813
26815
26815
26815
26817
26818
26819
26820
26822
26828
26831
26831
26831
26836
26837
26841
26844
26852
26854
26856
26857
26859
26863
26863
26870
26878
26879
26879
26881
26884
26887
26888
26896
26897
26899
26903
26904
26904
26905
26906
26910
26922
26928
26929
26930
26941
26941
26941
26949
26958
26966
26967
26975
26976
26984
26993
26995
26996
26997
27000
27002
27003
27004
27006
27006
27010
27017
27019
27022
27023
27025
27032
27033
27035
27039
27041
27043
27044
27045
27046
27047
27051
27052
27055
27055
27060
27062
27063
27064
27065
27066
27078
27090
27096
27102
27110
27113
27118
27119
27120
27126
27144
27145
27147
27152
27157
27157
27161
27171
27175
27175
27178
27178
27181
27183
27184
27188
27189
27190
27193
27199
27209
27214
27225
27227
27234
27237
27237
27244
27248
27253
27257
27258
27263
27266
27268
27268
27269
27270
27270
27274
27274
27281
27282
27282
27290
27293
27294
27299
27299
27300
27301
27302
27308
27310
27312
27313
27314
27320
27325
27330
27331
27332
27332
27342
27343
27343
27353
27359
27360
27360
27361
27362
27366
27367
27369
27370
27372
27373
27379
27382
27384
27386
27387
27392
27394
27396
27396
27397
27402
27404
27406
27409
27415
27417
27421
27421
27428
27439
27439
27441
27441
27453
27459
27462
27463
27467
27468
27468
27470
27472
27473
27477
27477
27478
27483
27483
27490
27492
27497
27499
27502
27506
27509
27510
27511
27513
27517
27518
27520
27523
27527
27528
27529
27530
27530
27531
27536
27539
27540
27541
27548
27549
27552
27552
27552
27553
27559
27559
27565
27572
27572
27574
27576
27582
27589
27590
27594
27594
27595
27598
27600
27603
27605
27611
27611
27614
27619
27619
27623
27623
27624
27628
27629
27631
27633
27636
27637
27638
27643
27645
27649
27651
27653
27656
27662
27662
27667
27670
27673
27676
27678
27680
27684
27686
27686
27690
27704
27704
27706
27707
27708
27710
27721
27722
27724
27726
27726
27729
27734
27739
27741
27746
27746
27748
27751
27751
27753
27754
27771
27773
27775
27775
27776
27780
27797
27798
27804
27804
27807
27809
27820
27821
27827
27827
27833
27841
27844
27847
27848
27850
27851
27854
27861
27869
27873
27879
27881
27882
27887
27889
27889
27889
27893
27894
27894
27898
27899
27899
27900
27908
27913
27924
27926
27927
27928
27930
27932
27941
27958
27960
27961
27962
27964
27966
27966
27971
27973
27975
27978
27980
27980
27984
27989
27993
27994
27995
27997
27997
27997
27998
27998
28002
28003
28006
28007
28013
28015
28019
28020
28022
28022
28023
28028
28029
28030
28030
28032
28037
28040
28040
28049
28060
28063
28064
28064
28064
28067
28068
28074
28077
28078
28084
28085
28087
28087
28088
28088
28092
28095
28096
28100
28100
28102
28106
28106
28108
28110
28111
28125
28126
28131
28143
28144
28146
28148
28148
28155
28158
28163
28163
28165
28166
28166
28174
28179
28184
28186
28187
28187
28198
28202
28208
28209
28210
28211
28215
28218
28227
28229
28232
28233
28235
28235
28240
28248
28253
28254
28266
28275
28275
28278
28281
28282
28284
28286
28287
28291
28291
28294
28296
28303
28317
28318
28319
28322
28322
28326
28326
28334
28335
28337
28341
28344
28361
28365
28368
28369
28371
28379
28384
28386
28389
28390
28391
28396
28400
28416
28424
28429
28431
28431
28433
28433
28434
28435
28436
28442
28449
28461
28463
28474
28475
28475
28490
28493
28495
28497
28498
28498
28516
28518
28522
28524
28525
28528
28529
28531
28555
28559
28563
28564
28568
28571
28572
28580
28582
28584
28586
28587
28591
28596
28606
28606
28618
28622
28624
28625
28627
28628
28632
28632
28633
28636
28641
28642
28648
28650
28652
28660
28663
28669
28669
28674
28675
28680
28683
28689
28693
28696
28700
28706
28718
28719
28723
28726
28729
28733
28736
28737
28743
28747
28749
28750
28751
28762
28767
28768
28769
28769
28776
28777
28779
28784
28788
28789
28790
28790
28792
28792
28793
28797
28800
28803
28805
28812
28815
28816
28822
28823
28824
28829
28831
28833
28836
28836
28840
28841
28845
28849
28850
28853
28856
28861
28863
28863
28868
28871
28872
28872
28874
28874
28874
28878
28882
28884
28886
28888
28889
28890
28900
28910
28911
28911
28913
28914
28916
28926
28926
28929
28934
28940
28940
28941
28941
28947
28949
28957
28958
28959
28961
28962
28962
28964
28964
28981
28986
28992
28994
28995
28996
29002
29006
29013
29018
29019
29019
29020
29022
29030
29031
29035
29037
29042
29042
29046
29046
29049
29050
29051
29052
29052
29053
29053
29057
29058
29062
29062
29063
29068
29074
29076
29077
29079
29085
29089
29090
29091
29102
29103
29105
29106
29117
29118
29120
29124
29125
29126
29128
29130
29133
29135
29149
29150
29154
29157
29157
29158
29167
29168
29168
29171
29172
29172
29177
29181
29182
29197
29201
29208
29216
29217
29221
29221
29222
29225
29227
29228
29228
29231
29231
29242
29242
29243
29243
29244
29249
29254
29256
29257
29258
29262
29263
29268
29275
29275
29279
29280
29283
29286
29294
29296
29297
29299
29300
29319
29321
29321
29334
29336
29339
29339
29344
29347
29348
29349
29357
29363
29363
29373
29375
29376
29377
29380
29385
29386
29387
29390
29392
29392
29395
29407
29408
29412
29415
29415
29419
29420
29421
29424
29425
29425
29430
29435
29436
29438
29443
29445
29447
29452
29457
29459
29473
29475
29475
29476
29478
29478
29485
29487
29502
29505
29509
29516
29516
29517
29520
29523
29524
29524
29526
29533
29534
29535
29543
29543
29547
29548
29551
29552
29556
29563
29568
29577
29583
29587
29590
29590
29591
29593
29598
29605
29608
29611
29612
29613
29613
29616
29618
29620
29620
29622
29623
29624
29625
29626
29627
29638
29640
29641
29642
29646
29649
29650
29654
29655
29657
29658
29669
29674
29677
29680
29681
29698
29704
29705
29717
29718
29718
29721
29724
29726
29726
29728
29731
29737
29738
29742
29744
29747
29747
29748
29756
29759
29767
29768
29769
29770
29772
29774
29786
29791
29798
29799
29807
29808
29810
29810
29818
29819
29820
29822
29823
29825
29825
29825
29828
29830
29836
29836
29845
29846
29852
29855
29861
29866
29869
29876
29876
29882
29883
29897
29899
29899
29900
29904
29907
29914
29922
29924
29925
29925
29930
29935
29941
29947
29950
29957
29960
29960
29964
29965
29967
29967
29984
29990
29991
29995
29997
30004
30010
30013
30016
30019
30022
30024
30026
30037
30041
30041
30043
30047
30048
30048
30054
30059
30061
30064
30066
30067
30073
30076
30077
30078
30080
30081
30082
30082
30096
30099
30108
30116
30117
30117
30118
30119
30127
30132
30137
30139
30140
30141
30142
30151
30151
30155
30159
30162
30166
30187
30187
30187
30189
30191
30194
30194
30197
30200
30203
30210
30212
30214
30215
30215
30216
30218
30219
30219
30222
30230
30232
30234
30235
30237
30240
30240
30240
30243
30244
30246
30247
30247
30249
30254
30256
30258
30260
30261
30278
30280
30283
30294
30295
30299
30301
30302
30302
30304
30304
30315
30316
30318
30319
30319
30319
30325
30328
30329
30330
30331
30332
30335
30335
30338
30343
30347
30348
30351
30352
30358
30359
30364
30367
30371
30372
30373
30386
30387
30388
30390
30392
30405
30406
30407
30408
30409
30411
30416
30417
30421
30423
30424
30425
30430
30433
30434
30446
30447
30451
30454
30454
30461
30466
30466
30473
30482
30483
30485
30485
30492
30492
30495
30498
30505
30506
30506
30507
30511
30522
30524
30532
30537
30538
30549
30551
30554
30559
30560
30563
30563
30565
30569
30572
30573
30576
30576
30582
30583
30585
30586
30587
30590
30592
30593
30594
30595
30600
30604
30615
30620
30631
30632
30634
30641
30641
30644
30646
30662
30666
30668
30670
30674
30676
30677
30682
30687
30692
30695
30698
28423
30703
30709
30712
30715
30719
30720
30721
30732
30734
30735
30742
30745
30747
30749
30757
30759
30772
30793
30793
30797
30799
30800
30803
30803
30804
30812
30821
30821
30822
30823
30824
30828
30832
30837
30839
30844
30845
30852
30854
30856
30856
30858
30860
30863
30867
30873
30873
30875
30882
30886
30902
30905
30905
30907
30912
30918
30919
30920
30920
30922
30927
30927
30930
30935
30935
30941
30950
30951
30954
30954
30954
30957
30958
30959
30960
30968
30969
30971
30972
30976
30976
30978
30979
30981
30984
30986
30987
30988
30989
30989
30992
30994
31000
31005
31008
31009
31015
31017
31018
31024
31034
31038
31050
31052
31055
31055
31056
31056
31073
31080
31080
31082
31084
31085
31086
31091
31099
31099
31102
31105
31105
31106
31112
31114
31115
31115
31116
31121
31124
31125
31126
31129
31129
31132
31135
31137
31138
31140
31143
31146
31151
31156
31159
31161
31161
31163
31173
31180
31182
31186
31186
31187
31188
31189
31194
31196
31200
31205
31207
31215
31215
31215
31217
31223
31223
31225
31225
31228
31236
31237
31240
31244
31246
31249
31250
31263
31264
31265
31266
31266
31273
31273
31277
31278
31280
31282
31286
31287
31288
31312
31315
31315
31316
31320
31324
31327
31333
31340
31341
31344
31345
31348
31348
31352
31357
31357
31358
31362
31363
31364
31364
31367
31368
31371
31371
31372
31372
31374
31374
31374
31378
31378
31380
31392
31392
31395
31401
31401
31404
31406
31407
31408
31410
31410
31412
31413
31417
31418
31425
31427
31427
31434
31438
31446
31446
31451
31455
31455
31463
31463
31469
31471
31472
31477
31478
31479
31482
31482
31483
31485
31487
31489
31490
31493
31493
31496
31502
31507
31508
31511
31513
31521
31522
31524
31524
31525
31528
31530
31533
31542
31555
31562
31563
31566
31567
31568
31569
31569
31579
31582
31584
31590
31591
31600
31609
31610
31610
31612
31612
31615
31616
31617
31619
31624
31626
31629
31634
31638
31642
31642
31643
31649
31656
31658
31660
31662
31665
31666
31671
31678
31682
31683
31683
31684
31687
31690
31694
31695
31698
31702
31703
31705
31705
31706
31712
31712
31714
31715
31717
31727
31729
31730
31730
31742
31743
31743
31744
31746
31750
31750
31751
31761
31764
31766
31772
31773
31775
31782
31792
31794
31799
31800
31809
31810
31812
31814
31815
31816
31816
31818
31823
31823
31827
31829
31831
31838
31839
31846
31853
31861
31862
31867
31871
31881
31881
31886
31889
31895
31906
31907
31908
31913
31922
31928
31939
31942
31943
31944
31944
31949
31951
31952
31953
31954
31954
31956
31970
31976
31977
31980
31980
31982
31982
31983
31985
31986
31991
31999
31999
32000
32000
32001
32003
32018
32019
32031
32031
32033
32035
32038
32038
32044
32053
32057
32062
32062
32064
32065
32068
32070
32077
32077
32080
32081
32083
32089
32096
32108
32117
32118
32122
32124
32124
32128
32129
32130
32135
32138
32140
32143
32147
32151
32159
32162
32165
32167
32181
32181
32183
32184
32187
32190
32191
32191
32194
32195
32202
32203
32207
32211
32213
32214
32215
32217
32221
32225
32226
32228
32236
32241
32241
32249
32250
32253
32255
32255
32258
32265
32272
32273
32274
32274
32276
32276
32277
32279
32281
32281
32284
32289
32294
32296
32306
32310
32315
32321
32322
32322
32323
32329
32329
32331
32331
32332
32333
32336
32342
32345
32348
32351
32352
32356
32364
32369
32370
32371
32373
32377
32383
32384
32388
32389
32389
32389
32395
32395
32398
32402
32408
32418
32426
32428
32430
32432
32433
32444
32448
32457
32458
32460
32465
32465
32467
32472
32486
32487
32487
32488
32489
32489
32491
32495
32502
32510
32511
32514
32517
32522
32525
32527
32530
32540
32544
32551
32552
32555
32557
32557
32559
32562
32562
32563
32569
32573
32579
32580
32580
32581
32581
32585
32592
32594
32600
32600
32601
32602
32603
32604
32605
32613
32617
32618
32621
32630
32633
32642
32643
32644
32645
32651
32651
32652
32656
32659
32664
32666
32669
32669
32675
32677
32679
32680
32687
32688
32689
32697
32706
32707
32709
32711
32712
32713
32714
32716
32725
32727
32730
32735
32740
32745
32750
32751
32755
32757
32758
32759
32760
32764
