32764
32764
32760
32759
32758
32757
32755
32751
32750
32745
32740
32735
32730
32727
32725
32716
32714
32713
32712
32711
32709
32707
32706
32697
32689
32688
32687
32680
32679
32677
32675
32669
32669
32666
32664
32659
32656
32652
32651
32651
32645
32644
32643
32642
32633
32630
32621
32618
32617
32613
32605
32604
32603
32602
32601
32600
32600
32594
32592
32585
32581
32581
32580
32580
32579
32573
32569
32563
32562
32562
32559
32557
32557
32555
32552
32551
32544
32540
32530
32527
32525
32522
32517
32514
32511
32510
32502
32495
32491
32489
32489
32488
32487
32487
32486
32472
32467
32465
32465
32460
32458
32457
32448
32444
32433
32432
32430
32428
32426
32418
32408
32402
32398
32395
32395
32389
32389
32389
32388
32384
32383
32377
32373
32371
32370
32369
32364
32356
32352
32351
32348
32345
32342
32336
32333
32332
32331
32331
32329
32329
32323
32322
32322
32321
32315
32310
32306
32296
32294
32289
32284
32281
32281
32279
32277
32276
32276
32274
32274
32273
32272
32265
32258
32255
32255
32253
32250
32249
32241
32241
32236
32228
32226
32225
32221
32217
32215
32214
32213
32211
32207
32203
32202
32195
32194
32191
32191
32190
32187
32184
32183
32181
32181
32167
32165
32162
32159
32151
32147
32143
32140
32138
32135
32130
32129
32128
32124
32124
32122
32118
32117
32108
32096
32089
32083
32081
32080
32077
32077
32070
32068
32065
32064
32062
32062
32057
32053
32044
32038
32038
32035
32033
32031
32031
32019
32018
32003
32001
32000
32000
31999
31999
31991
31986
31985
31983
31982
31982
31980
31980
31977
31976
31970
31956
31954
31954
31953
31952
31951
31949
31944
31944
31943
31942
31939
31928
31922
31913
31908
31907
31906
31895
31889
31886
31881
31881
31871
31867
31862
31861
31853
31846
31839
31838
31831
31829
31827
31823
31823
31818
31816
31816
31815
31814
31812
31810
31809
31800
31799
31794
31792
31782
31775
31773
31772
31766
31764
31761
31751
31750
31750
31746
31744
31743
31743
31742
31730
31730
31729
31727
31717
31715
31714
31712
31712
31706
31705
31705
31703
31702
31698
31695
31694
31690
31687
31684
31683
31683
31682
31678
31671
31666
31665
31662
31660
31658
31656
31649
31643
31642
31642
31638
31634
31629
31626
31624
31619
31617
31616
31615
31612
31612
31610
31610
31609
31600
31591
31590
31584
31582
31579
31569
31569
31568
31567
31566
31563
31562
31555
31542
31533
31530
31528
31525
31524
31524
31522
31521
31513
31511
31508
31507
31502
31496
31493
31493
31490
31489
31487
31485
31483
31482
31482
31479
31478
31477
31472
31471
31469
31463
31463
31455
31455
31451
31446
31446
31438
31434
31427
31427
31425
31418
31417
31413
31412
31410
31410
31408
31407
31406
31404
31401
31401
31395
31392
31392
31380
31378
31378
31374
31374
31374
31372
31372
31371
31371
31368
31367
31364
31364
31363
31362
31358
31357
31357
31352
31348
31348
31345
31344
31341
31340
31333
31327
31324
31320
31316
31315
31315
31312
31288
31287
31286
31282
31280
31278
31277
31273
31273
31266
31266
31265
31264
31263
31250
31249
31246
31244
31240
31237
31236
31228
31225
31225
31223
31223
31217
31215
31215
31215
31207
31205
31200
31196
31194
31189
31188
31187
31186
31186
31182
31180
31173
31163
31161
31161
31159
31156
31151
31146
31143
31140
31138
31137
31135
31132
31129
31129
31126
31125
31124
31121
31116
31115
31115
31114
31112
31106
31105
31105
31102
31099
31099
31091
31086
31085
31084
31082
31080
31080
31073
31056
31056
31055
31055
31052
31050
31038
31034
31024
31018
31017
31015
31009
31008
31005
31000
30994
30992
30989
30989
30988
30987
30986
30984
30981
30979
30978
30976
30976
30972
30971
30969
30968
30960
30959
30958
30957
30954
30954
30954
30951
30950
30941
30935
30935
30930
30927
30927
30922
30920
30920
30919
30918
30912
30907
30905
30905
30902
30886
30882
30875
30873
30873
30867
30863
30860
30858
30856
30856
30854
30852
30845
30844
30839
30837
30832
30828
30824
30823
30822
30821
30821
30812
30804
30803
30803
30800
30799
30797
30793
30793
30772
30759
30757
30749
30747
30745
30742
30735
30734
30732
30721
30720
30719
30715
30712
30709
30703
30698
30695
30692
30687
30682
30677
30676
30674
30670
30668
30666
30662
30646
30644
30641
30641
30634
30632
30631
30620
30615
30604
30600
30595
30594
30593
30592
30590
30587
30586
30585
30583
30582
30576
30576
30573
30572
30569
30565
30563
30563
30560
30559
30554
30551
30549
30538
30537
30532
30524
30522
30511
30507
30506
30506
30505
30498
30495
30492
30492
30485
30485
30483
30482
30473
30466
30466
30461
30454
30454
30451
30447
30446
30434
30433
30430
30425
30424
30423
30421
30417
30416
30411
30409
30408
30407
30406
30405
30392
30390
30388
30387
30386
30373
30372
30371
30367
30364
30359
30358
30352
30351
30348
30347
30343
30338
30335
30335
30332
30331
30330
30329
30328
30325
30319
30319
30319
30318
30316
30315
30304
30304
30302
30302
30301
30299
30295
30294
30283
30280
30278
30261
30260
30258
30256
30254
30249
30247
30247
30246
30244
30243
30240
30240
30240
30237
30235
30234
30232
30230
30222
30219
30219
30218
30216
30215
30215
30214
30212
30210
30203
30200
30197
30194
30194
30191
30189
30187
30187
30187
30166
30162
30159
30155
30151
30151
30142
30141
30140
30139
30137
30132
30127
30119
30118
30117
30117
30116
30108
30099
30096
30082
30082
30081
30080
30078
30077
30076
30073
30067
30066
30064
30061
30059
30054
30048
30048
30047
30043
30041
30041
30037
30026
30024
30022
30019
30016
30013
30010
30004
29997
29995
29991
29990
29984
29967
29967
29965
29964
29960
29960
29957
29950
29947
29941
29935
29930
29925
29925
29924
29922
29914
29907
29904
29900
29899
29899
29897
29883
29882
29876
29876
29869
29866
29861
29855
29852
29846
29845
29836
29836
29830
29828
29825
29825
29825
29823
29822
29820
29819
29818
29810
29810
29808
29807
29799
29798
29791
29786
29774
29772
29770
29769
29768
29767
29759
29756
29748
29747
29747
29744
29742
29738
29737
29731
29728
29726
29726
29724
29721
29718
29718
29717
29705
29704
29698
29681
29680
29677
29674
29669
29658
29657
29655
29654
29650
29649
29646
29642
29641
29640
29638
29627
29626
29625
29624
29623
29622
29620
29620
29618
29616
29613
29613
29612
29611
29608
29605
29598
29593
29591
29590
29590
29587
29583
29577
29568
29563
29556
29552
29551
29548
29547
29543
29543
29535
29534
29533
29526
29524
29524
29523
29520
29517
29516
29516
29509
29505
29502
29487
29485
29478
29478
29476
29475
29475
29473
29459
29457
29452
29447
29445
29443
29438
29436
29435
29430
29425
29425
29424
29421
29420
29419
29415
29415
29412
29408
29407
29395
29392
29392
29390
29387
29386
29385
29380
29377
29376
29375
29373
29363
29363
29357
29349
29348
29347
29344
29339
29339
29336
29334
29321
29321
29319
29300
29299
29297
29296
29294
29286
29283
29280
29279
29275
29275
29268
29263
29262
29258
29257
29256
29254
29249
29244
29243
29243
29242
29242
29231
29231
29228
29228
29227
29225
29222
29221
29221
29217
29216
29208
29201
29197
29182
29181
29177
29172
29172
29171
29168
29168
29167
29158
29157
29157
29154
29150
29149
29135
29133
29130
29128
29126
29125
29124
29120
29118
29117
29106
29105
29103
29102
29091
29090
29089
29085
29079
29077
29076
29074
29068
29063
29062
29062
29058
29057
29053
29053
29052
29052
29051
29050
29049
29046
29046
29042
29042
29037
29035
29031
29030
29022
29020
29019
29019
29018
29013
29006
29002
28996
28995
28994
28992
28986
28981
28964
28964
28962
28962
28961
28959
28958
28957
28949
28947
28941
28941
28940
28940
28934
28929
28926
28926
28916
28914
28913
28911
28911
28910
28900
28890
28889
28888
28886
28884
28882
28878
28874
28874
28874
28872
28872
28871
28868
28863
28863
28861
28856
28853
28850
28849
28845
28841
28840
28836
28836
28833
28831
28829
28824
28823
28822
28816
28815
28812
28805
28803
28800
28797
28793
28792
28792
28790
28790
28789
28788
28784
28779
28777
28776
28769
28769
28768
28767
28762
28751
28750
28749
28747
28743
28737
28736
28733
28729
28726
28723
28719
28718
28706
28700
28696
28693
28689
28683
28680
28675
28674
28669
28669
28663
28660
28652
28650
28648
28642
28641
28636
28633
28632
28632
28628
28627
28625
28624
28622
28618
28606
28606
28596
28591
28587
28586
28584
28582
28580
28572
28571
28568
28564
28563
28559
28555
28531
28529
28528
28525
28524
28522
28518
28516
28498
28498
28497
28495
28493
28490
28475
28475
28474
28463
28461
28449
28442
28436
28435
28434
28433
28433
28431
28431
28429
28424
28423
28416
28400
28396
28391
28390
28389
28386
28384
28379
28371
28369
28368
28365
28361
28344
28341
28337
28335
28334
28326
28326
28322
28322
28319
28318
28317
28303
28296
28294
28291
28291
28287
28286
28284
28282
28281
28278
28275
28275
28266
28254
28253
28248
28240
28235
28235
28233
28232
28229
28227
28218
28215
28211
28210
28209
28208
28202
28198
28187
28187
28186
28184
28179
28174
28166
28166
28165
28163
28163
28158
28155
28148
28148
28146
28144
28143
28131
28126
28125
28111
28110
28108
28106
28106
28102
28100
28100
28096
28095
28092
28088
28088
28087
28087
28085
28084
28078
28077
28074
28068
28067
28064
28064
28064
28063
28060
28049
28040
28040
28037
28032
28030
28030
28029
28028
28023
28022
28022
28020
28019
28015
28013
28007
28006
28003
28002
27998
27998
27997
27997
27997
27995
27994
27993
27989
27984
27980
27980
27978
27975
27973
27971
27966
27966
27964
27962
27961
27960
27958
27941
27932
27930
27928
27927
27926
27924
27913
27908
27900
27899
27899
27898
27894
27894
27893
27889
27889
27889
27887
27882
27881
27879
27873
27869
27861
27854
27851
27850
27848
27847
27844
27841
27833
27827
27827
27821
27820
27809
27807
27804
27804
27798
27797
27780
27776
27775
27775
27773
27771
27754
27753
27751
27751
27748
27746
27746
27741
27739
27734
27729
27726
27726
27724
27722
27721
27710
27708
27707
27706
27704
27704
27690
27686
27686
27684
27680
27678
27676
27673
27670
27667
27662
27662
27656
27653
27651
27649
27645
27643
27638
27637
27636
27633
27631
27629
27628
27624
27623
27623
27619
27619
27614
27611
27611
27605
27603
27600
27598
27595
27594
27594
27590
27589
27582
27576
27574
27572
27572
27565
27559
27559
27553
27552
27552
27552
27549
27548
27541
27540
27539
27536
27531
27530
27530
27529
27528
27527
27523
27520
27518
27517
27513
27511
27510
27509
27506
27502
27499
27497
27492
27490
27483
27483
27478
27477
27477
27473
27472
27470
27468
27468
27467
27463
27462
27459
27453
27441
27441
27439
27439
27428
27421
27421
27417
27415
27409
27406
27404
27402
27397
27396
27396
27394
27392
27387
27386
27384
27382
27379
27373
27372
27370
27369
27367
27366
27362
27361
27360
27360
27359
27353
27343
27343
27342
27332
27332
27331
27330
27325
27320
27314
27313
27312
27310
27308
27302
27301
27300
27299
27299
27294
27293
27290
27282
27282
27281
27274
27274
27270
27270
27269
27268
27268
27266
27263
27258
27257
27253
27248
27244
27237
27237
27234
27227
27225
27214
27209
27199
27193
27190
27189
27188
27184
27183
27181
27178
27178
27175
27175
27171
27161
27157
27157
27152
27147
27145
27144
27126
27120
27119
27118
27113
27110
27102
27096
27090
27078
27066
27065
27064
27063
27062
27060
27055
27055
27052
27051
27047
27046
27045
27044
27043
27041
27039
27035
27033
27032
27025
27023
27022
27019
27017
27010
27006
27006
27004
27003
27002
27000
26997
26996
26995
26993
26984
26976
26975
26967
26966
26958
26949
26941
26941
26941
26930
26929
26928
26922
26910
26906
26905
26904
26904
26903
26899
26897
26896
26888
26887
26884
26881
26879
26879
26878
26870
26863
26863
26859
26857
26856
26854
26852
26844
26841
26837
26836
26831
26831
26831
26828
26822
26820
26819
26818
26817
26815
26815
26815
26813
26812
26811
26811
26809
26800
26795
26792
26789
26783
26783
26778
26778
26778
26776
26776
26774
26769
26756
26755
26743
26741
26738
26737
26733
26729
26729
26721
26719
26717
26715
26713
26712
26709
26708
26707
26704
26704
26698
26697
26695
26692
26687
26685
26684
26680
26680
26680
26678
26677
26672
26665
26656
26656
26650
26638
26634
26633
26633
26630
26626
26625
26623
26620
26618
26617
26615
26610
26610
26609
26601
26600
26595
26595
26595
26593
26591
26590
26581
26560
26559
26554
26547
26545
26541
26540
26534
26533
26531
26527
26527
26523
26519
26518
26510
26509
26508
26507
26504
26502
26501
26498
26491
26490
26489
26488
26486
26484
26480
26479
26470
26460
26458
26449
26448
26441
26439
26439
26437
26437
26437
26427
26422
26421
26419
26419
26411
26409
26402
26388
26378
26377
26376
26375
26374
26373
26372
26370
26370
26366
26364
26362
26361
26353
26351
26350
26346
26344
26342
26339
26337
26334
26329
26327
26325
26316
26311
26309
26300
26299
26299
26293
26282
26277
26275
26274
26264
26264
26264
26263
26263
26261
26257
26254
26254
26254
26250
26240
26230
26229
26227
26221
26218
26218
26217
26213
26213
26212
26199
26197
26196
26192
26188
26185
26185
26183
26182
26181
26176
26170
26168
26164
26160
26154
26151
26148
26148
26143
26139
26130
26128
26126
26125
26121
26118
26114
26112
26110
26109
26106
26104
26102
26100
26100
26098
26098
26092
26091
26090
26089
26076
26075
26067
26065
26061
26059
26059
26057
26055
26053
26050
26047
26045
26037
26036
26034
26034
26030
26025
26021
26018
26016
26016
26007
26006
25999
25998
25996
25996
25995
25995
25993
25992
25990
25980
25969
25955
25952
25951
25949
25948
25947
25945
25937
25930
25929
25923
25922
25916
25914
25911
25905
25893
25891
25891
25886
25884
25882
25879
25877
25871
25869
25867
25867
25864
25863
25863
25862
25859
25852
25848
25838
25836
25835
25831
25831
25827
25823
25817
25803
25802
25796
25789
25787
25787
25784
25781
25781
25779
25774
25773
25757
25757
25756
25755
25752
25747
25742
25737
25736
25730
25729
25728
25727
25726
25720
25719
25717
25716
25712
25706
25705
25700
25699
25691
25691
25686
25672
25670
25669
25666
25652
25650
25647
25640
25638
25632
25631
25629
25626
25622
25618
25617
25615
25615
25607
25606
25605
25605
25602
25602
25596
25594
25593
25593
25584
25580
25580
25576
25573
25570
25568
25568
25566
25563
25556
25556
25552
25547
25544
25541
25537
25532
25531
25531
25529
25529
25523
25521
25513
25509
25509
25504
25498
25492
25490
25489
25486
25479
25472
25471
25467
25465
25462
25461
25457
25449
25430
25430
25428
25428
25428
25425
25423
25422
25421
25418
25414
25411
25407
25387
25385
25385
25381
25381
25380
25376
25375
25372
25371
25369
25368
25366
25361
25353
25353
25352
25352
25344
25341
25338
25337
25323
25321
25318
25317
25303
25297
25290
25288
25282
25279
25279
25275
25274
25269
25268
25266
25265
25263
25258
25257
25255
25253
25251
25244
25233
25231
25228
25224
25221
25209
25208
25206
25202
25200
25193
25192
25191
25188
25187
25175
25165
25165
25165
25163
25163
25163
25149
25148
25146
25136
25128
25127
25125
25115
25111
25106
25105
25103
25101
25099
25096
25087
25087
25087
25083
25083
25068
25066
25064
25062
25060
25056
25047
25041
25040
25040
25039
25038
25034
25027
25027
25026
25025
25024
25009
25004
25004
24997
24995
24993
24987
24985
24985
24982
24982
24980
24975
24975
24973
24971
24968
24966
24963
24962
24957
24952
24949
24937
24933
24931
24927
24925
24924
24920
24917
24916
24916
24916
24914
24914
24910
24891
24886
24881
24881
24880
24879
24877
24877
24875
24873
24871
24869
24867
24866
24864
24856
24852
24846
24837
24835
24834
24825
24820
24813
24809
24807
24806
24798
24797
24795
24789
24788
24787
24781
24781
24780
24778
24778
24777
24775
24769
24763
24761
24752
24747
24742
24737
24734
24732
24725
24721
24717
24716
24714
24714
24712
24710
24710
24708
24703
24701
24700
24699
24696
24690
24688
24684
24682
24678
24677
24675
24674
24670
24669
24667
24666
24654
24653
24651
24649
24647
24645
24642
24636
24633
24623
24620
24617
24612
24611
24606
24604
24603
24597
24597
24596
24587
24587
24585
24582
24581
24578
24571
24570
24566
24564
24562
24561
24558
24557
24556
24555
24554
24550
24541
24541
24531
24525
24524
24515
24513
24512
24510
24505
24502
24498
24496
24494
24490
24489
24486
24485
24482
24482
24482
24481
24481
24479
24477
24477
24467
24467
24466
24464
24462
24461
24451
24451
24450
24435
24419
24419
24414
24411
24409
24408
24401
24400
24395
24393
24390
24378
24378
24374
24374
24372
24371
24370
24369
24366
24365
24365
24357
24357
24343
24342
24340
24331
24329
24329
24328
24327
24320
24313
24313
24311
24309
24308
24307
24300
24297
24295
24289
24284
24284
24279
24279
24277
24275
24273
24273
24273
24271
24269
24268
24266
24262
24261
24251
24244
24237
24232
24230
24226
24222
24222
24222
24218
24216
24216
24211
24207
24206
24197
24196
24196
24189
24188
24182
24178
24176
24174
24172
24168
24167
24160
24159
24155
24153
24150
24148
24144
24144
24138
24135
24126
24126
24125
24121
24115
24115
24115
24114
24108
24092
24092
24085
24084
24080
24077
24076
24073
24066
24066
24061
24060
24058
24055
24051
24047
24045
24044
24044
24036
24034
24033
24033
24028
24021
24013
24008
24004
24003
24002
24001
23998
23993
23991
23987
23985
23985
23981
23977
23967
23961
23955
23949
23947
23938
23931
23927
23920
23919
23919
23918
23915
23913
23913
23912
23911
23906
23905
23898
23895
23894
23893
23887
23883
23881
23878
23877
23874
23874
23870
23868
23865
23860
23855
23853
23848
23845
23841
23833
23829
23824
23823
23821
23812
23809
23807
23805
23803
23800
23799
23797
23793
23789
23789
23789
23787
23786
23785
23784
23783
23771
23771
23769
23762
23761
23757
23757
23756
23754
23750
23746
23742
23740
23740
23737
23736
23732
23730
23727
23727
23719
23713
23711
23705
23705
23704
23701
23699
23698
23693
23691
23678
23676
23666
23664
23660
23655
23649
23639
23637
23637
23634
23631
23625
23622
23618
23617
23615
23613
23612
23611
23610
23609
23606
23602
23600
23599
23598
23596
23591
23589
23586
23584
23581
23581
23580
23575
23573
23571
23570
23555
23543
23530
23527
23527
23526
23526
23521
23516
23512
23511
23511
23497
23495
23494
23487
23487
23480
23477
23465
23462
23460
23453
23450
23445
23442
23426
23426
23424
23416
23414
23412
23409
23407
23407
23406
23406
23401
23396
23380
23380
23378
23378
23375
23363
23360
23356
23354
23349
23348
23346
23342
23328
23323
23320
23317
23314
23311
23309
23309
23307
23304
23303
23302
23300
23295
23295
23291
23291
23285
23280
23279
23278
23271
23269
23266
23266
23265
23265
23257
23252
23247
23241
23239
23236
23235
23234
23226
23226
23226
23219
23219
23213
23212
23210
23210
23210
23208
23208
23203
23201
23200
23198
23193
23189
23183
23181
23180
23179
23178
23176
23171
23171
23167
23163
23157
23146
23143
23138
23136
23135
23125
23121
23119
23117
23116
23108
23106
23098
23094
23094
23089
23085
23082
23081
23074
23074
23057
23056
23054
23053
23045
23040
23036
23033
23032
23031
23027
23024
23024
23023
23022
23022
23017
23009
22999
22998
22996
22996
22994
22994
22984
22984
22975
22972
22972
22972
22960
22951
22949
22943
22942
22936
22928
22927
22921
22918
22910
22907
22906
22904
22902
22901
22900
22896
22895
22894
22887
22886
22881
22880
22880
22876
22873
22873
22873
22872
22871
22867
22861
22856
22855
22854
22853
22848
22845
22844
22840
22840
22821
22816
22814
22812
22810
22808
22798
22792
22792
22792
22789
22787
22786
22785
22783
22777
22762
22760
22759
22759
22758
22751
22750
22748
22747
22746
22744
22737
22735
22733
22730
22728
22724
22721
22717
22715
22714
22710
22708
22703
22700
22698
22697
22696
22691
22690
22682
22681
22674
22674
22670
22669
22668
22663
22662
22653
22652
22646
22646
22644
22632
22631
22631
22628
22623
22621
22618
22612
22610
22604
22601
22598
22594
22586
22583
22581
22579
22567
22565
22564
22563
22557
22554
22550
22535
22530
22530
22528
22527
22515
22510
22502
22502
22500
22491
22490
22484
22482
22476
22476
22473
22470
22468
22465
22461
22459
22459
22459
22457
22455
22455
22448
22442
22436
22423
22423
22422
22418
22418
22413
22411
22411
22409
22406
22401
22398
22394
22392
22391
22385
22380
22380
22376
22374
22373
22370
22367
22366
22364
22358
22357
22356
22353
22348
22340
22333
22332
22331
22329
22328
22324
22323
22323
22317
22315
22315
22312
22311
22309
22307
22303
22302
22301
22301
22300
22293
22287
22287
22284
22282
22277
22277
22274
22273
22272
22269
22268
22259
22245
22241
22234
22231
22227
22226
22222
22221
22210
22204
22201
22194
22191
22191
22191
22189
22187
22186
22185
22183
22180
22177
22172
22168
22168
22167
22163
22163
22162
22158
22157
22157
22153
22151
22150
22142
22141
22133
22132
22130
22125
22123
22116
22112
22112
22111
22111
22111
22108
22108
22108
22104
22098
22098
22097
22094
22093
22091
22090
22084
22081
22076
22074
22073
22073
22072
22071
22066
22063
22061
22058
22058
22057
22047
22042
22035
22034
22026
22025
22022
22022
22010
22008
22003
21999
21991
21987
21981
21979
21979
21974
21971
21967
21961
21957
21956
21950
21948
21943
21941
21941
21939
21938
21938
21937
21936
21932
21932
21931
21930
21930
21928
21919
21914
21913
21911
21911
21910
21909
21904
21902
21893
21883
21882
21877
21868
21865
21863
21860
21857
21856
21855
21851
21851
21842
21840
21839
21834
21831
21827
21822
21819
21817
21815
21810
21804
21800
21799
21794
21793
21783
21783
21779
21777
21772
21768
21767
21766
21764
21763
21761
21759
21748
21741
21726
21724
21722
21720
21719
21716
21704
21702
21699
21696
21694
21685
21677
21673
21672
21661
21657
21657
21655
21655
21655
21649
21645
21643
21631
21629
21628
21627
21622
21622
21622
21621
21613
21608
21608
21583
21578
21576
21573
21572
21565
21564
21563
21563
21561
21560
21558
21557
21554
21548
21542
21541
21540
21534
21534
21533
21533
21527
21525
21523
21523
21523
21516
21511
21509
21503
21501
21498
21495
21494
21489
21486
21486
21479
21479
21477
21469
21468
21460
21459
21456
21456
21453
21448
21445
21431
21418
21410
21403
21401
21398
21397
21397
21395
21393
21391
21390
21383
21382
21382
21379
21373
21344
21339
21336
21336
21329
21329
21328
21325
21325
21323
21322
21322
21321
21318
21314
21310
21307
21301
21295
21295
21294
21294
21293
21288
21281
21274
21273
21268
21260
21257
21255
21247
21247
21244
21242
21242
21239
21239
21231
21228
21226
21224
21223
21222
21218
21217
21215
21213
21205
21203
21201
21200
21199
21192
21191
21190
21189
21179
21178
21175
21164
21155
21150
21147
21145
21144
21142
21142
21142
21139
21138
21126
21124
21123
21118
21118
21115
21115
21108
21106
21103
21101
21097
21095
21092
21091
21091
21090
21085
21084
21080
21079
21077
21067
21058
21037
21037
21030
21030
21023
21020
21015
21013
21009
21007
21007
21004
21000
20998
20993
20990
20977
20976
20974
20970
20970
20970
20966
20965
20960
20960
20960
20957
20955
20941
20940
20936
20936
20934
20932
20929
20927
20918
20917
20915
20914
20911
20911
20911
20904
20901
20901
20898
20888
20880
20878
20875
20867
20865
20865
20864
20853
20852
20852
20849
20848
20846
20845
20845
20844
20841
20840
20833
20824
20819
20816
20814
20811
20802
20801
20800
20800
20799
20797
20793
20786
20785
20785
20780
20779
20779
20776
20769
20767
20763
20762
20761
20760
20759
20759
20756
20755
20750
20749
20743
20741
20734
20728
20722
20722
20719
20716
20715
20701
20701
20699
20691
20684
20682
20680
20675
20674
20674
20670
20666
20658
20652
20647
20643
20642
20641
20640
20638
20634
20633
20629
20629
20622
20621
20621
20615
20613
20611
20609
20608
20603
20602
20601
20598
20589
20589
20589
20587
20587
20579
20577
20576
20576
20575
20574
20574
20572
20571
20570
20570
20565
20559
20556
20552
20552
20552
20550
20548
20547
20545
20545
20540
20538
20534
20533
20531
20517
20513
20509
20508
20505
20503
20500
20500
20498
20493
20493
20487
20481
20479
20478
20478
20466
20466
20458
20457
20457
20456
20450
20449
20449
20448
20446
20444
20444
20444
20443
20439
20432
20430
20426
20420
20419
20413
20410
20403
20402
20389
20387
20384
20384
20383
20365
20363
20362
20361
20360
20359
20353
20353
20352
20349
20348
20346
20345
20338
20333
20325
20322
20309
20306
20305
20304
20302
20302
20298
20289
20286
20282
20280
20275
20273
20268
20257
20256
20254
20246
20246
20245
20244
20242
20229
20209
20206
20202
20200
20198
20195
20193
20187
20182
20178
20176
20173
20172
20171
20171
20163
20161
20159
20157
20157
20155
20152
20150
20147
20141
20137
20133
20128
20119
20117
20117
20113
20109
20108
20106
20105
20103
20099
20096
20094
20084
20081
20080
20078
20076
20073
20069
20067
20065
20063
20057
20055
20054
20051
20045
20041
20035
20033
20031
20030
20022
20015
19997
19996
19996
19995
19991
19982
19971
19969
19964
19961
19961
19956
19953
19951
19948
19946
19946
19939
19939
19937
19934
19932
19932
19928
19917
19917
19915
19913
19905
19891
19888
19885
19876
19876
19872
19870
19863
19860
19860
19856
19856
19852
19848
19847
19842
19836
19835
19832
19825
19823
19819
19799
19775
19775
19773
19770
19770
19768
19766
19762
19762
19754
19753
19738
19734
19728
19726
19723
19722
19722
19722
19721
19720
19710
19701
19701
19698
19688
19688
19686
19684
19681
19676
19673
19673
19668
19665
19657
19647
19633
19632
19628
19627
19627
19621
19619
19609
19607
19604
19600
19597
19597
19593
19593
19590
19586
19584
19584
19578
19576
19565
19562
19561
19561
19557
19556
19551
19550
19549
19548
19542
19535
19535
19534
19533
19527
19525
19521
19521
19519
19513
19513
19511
19510
19505
19504
19502
19500
19496
19492
19485
19485
19482
19481
19479
19477
19475
19474
19463
19463
19456
19454
19450
19446
19445
19444
19442
19440
19432
19428
19424
19420
19420
19419
19419
19418
19417
19415
19414
19411
19410
19404
19403
19401
19391
19380
19367
19367
19365
19364
19353
19353
19350
19348
19348
19347
19343
19343
19325
19318
19314
19311
19306
19304
19300
19300
19296
19294
19287
19285
19282
19274
19274
19273
19264
19261
19257
19255
19253
19253
19253
19249
19235
19231
19229
19224
19218
19218
19204
19204
19203
19202
19199
19198
19187
19177
19176
19172
19167
19165
19156
19153
19150
19150
19150
19149
19148
19146
19143
19142
19142
19141
19127
19115
19112
19111
19109
19107
19106
19103
19096
19090
19090
19084
19083
19080
19079
19076
19075
19074
19063
19058
19055
19054
19053
19053
19033
19030
19030
19028
19028
19025
19024
19024
19019
19018
19017
19017
19013
19011
19011
19011
19008
19003
19000
18998
18997
18990
18989
18982
18978
18975
18974
18967
18967
18965
18961
18957
18956
18955
18935
18935
18922
18921
18915
18899
18894
18891
18891
18879
18877
18873
18869
18869
18869
18867
18863
18860
18855
18852
18851
18845
18839
18837
18835
18834
18831
18828
18818
18815
18809
18809
18808
18808
18807
18805
18804
18797
18796
18795
18795
18789
18787
18775
18774
18766
18765
18763
18763
18762
18756
18755
18755
18744
18743
18735
18729
18718
18718
18717
18715
18712
18711
18711
18706
18704
18704
18704
18701
18698
18697
18696
18691
18690
18685
18670
18670
18668
18666
18658
18648
18647
18643
18642
18640
18633
18630
18626
18622
18617
18617
18610
18606
18605
18600
18598
18595
18594
18592
18589
18587
18585
18584
18578
18575
18574
18567
18561
18560
18560
18555
18552
18543
18541
18538
18520
18519
18518
18514
18513
18513
18512
18510
18503
18502
18500
18499
18496
18489
18487
18487
18486
18485
18477
18470
18466
18453
18448
18447
18445
18440
18434
18429
18427
18427
18420
18419
18410
18410
18406
18405
18404
18399
18397
18392
18391
18390
18388
18385
18383
18382
18374
18364
18364
18361
18359
18357
18357
18357
18356
18339
18337
18323
18323
18319
18319
18318
18316
18314
18312
18309
18298
18296
18296
18295
18290
18289
18289
18286
18277
18276
18274
18273
18272
18272
18272
18267
18266
18262
18248
18246
18239
18231
18229
18225
18224
18223
18216
18214
18213
18207
18204
18200
18196
18195
18195
18194
18178
18178
18171
18168
18166
18164
18163
18163
18161
18161
18160
18158
18158
18157
18156
18153
18151
18151
18145
18144
18137
18137
18133
18129
18125
18123
18122
18115
18104
18104
18102
18100
18092
18091
18089
18088
18085
18084
18081
18081
18080
18079
18079
18072
18068
18066
18064
18040
18038
18036
18035
18035
18034
18034
18032
18032
18031
18020
18016
18014
18013
18006
18001
18001
18001
17999
17993
17991
17983
17982
17978
17973
17972
17971
17966
17962
17960
17958
17958
17956
17953
17953
17951
17947
17947
17943
17943
17943
17942
17939
17929
17927
17926
17925
17905
17902
17902
17902
17895
17894
17894
17892
17892
17886
17885
17884
17882
17879
17875
17874
17872
17871
17870
17866
17866
17863
17859
17858
17854
17849
17848
17846
17846
17844
17841
17840
17825
17823
17819
17812
17808
17807
17806
17804
17801
17799
17796
17794
17794
17791
17789
17783
17783
17783
17782
17781
17771
17763
17762
17756
17754
17754
17749
17749
17748
17742
17739
17737
17734
17733
17727
17719
17719
17714
17707
17706
17705
17702
17701
17697
17692
17689
17688
17686
17684
17682
17677
17676
17673
17671
17668
17660
17655
17654
17654
17643
17633
17632
17632
17627
17627
17623
17622
17618
17618
17616
17616
17615
17607
17606
17605
17603
17600
17597
17593
17592
17584
17577
17570
17565
17560
17559
17552
17543
17540
17538
17536
17527
17527
17523
17521
17520
17520
17519
17517
17511
17509
17507
17504
17503
17496
17487
17487
17476
17472
17472
17464
17463
17458
17447
17443
17441
17438
17437
17437
17430
17428
17427
17426
17423
17419
17417
17416
17414
17412
17410
17410
17408
17406
17401
17393
17391
17390
17381
17378
17371
17364
17360
17354
17354
17352
17351
17345
17344
17338
17334
17332
17324
17323
17317
17315
17311
17309
17304
17302
17302
17302
17300
17298
17296
17295
17294
17289
17288
17281
17279
17268
17258
17254
17248
17248
17247
17247
17246
17231
17231
17230
17218
17217
17211
17207
17206
17196
17192
17182
17181
17179
17178
17177
17172
17154
17153
17148
17144
17140
17136
17133
17132
17131
17130
17127
17127
17117
17116
17116
17116
17115
17113
17104
17103
17102
17094
17084
17082
17077
17074
17069
17068
17065
17063
17062
17059
17055
17044
17038
17029
17029
17028
17026
17025
17021
17018
17018
17016
17013
17008
17006
17006
17003
17002
17002
17002
17002
16999
16998
16992
16992
16991
16986
16985
16975
16975
16973
16971
16970
16962
16959
16956
16954
16945
16942
16935
16933
16932
16931
16930
16923
16916
16916
16913
16913
16910
16906
16901
16895
16893
16890
16890
16890
16884
16882
16876
16872
16870
16863
16863
16856
16850
16847
16844
16843
16841
16840
16840
16834
16827
16823
16820
16818
16814
16809
16808
16808
16806
16804
16802
16790
16787
16779
16777
16775
16765
16762
16755
16753
16742
16740
16733
16725
16723
16722
16720
16718
16718
16717
16715
16710
16703
16702
16699
16699
16696
16692
16691
16691
16691
16686
16686
16681
16673
16671
16670
16670
16669
16664
16664
16663
16663
16657
16657
16652
16650
16649
16645
16642
16637
16635
16628
16626
16623
16622
16619
16619
16616
16614
16613
16613
16611
16603
16600
16596
16594
16583
16581
16578
16578
16566
16559
16556
16554
16548
16545
16544
16544
16543
16541
16533
16532
16527
16522
16514
16510
16509
16509
16500
16498
16494
16493
16491
16491
16489
16486
16486
16484
16479
16477
16472
16470
16468
16466
16462
16460
16455
16451
16446
16446
16443
16440
16439
16439
16436
16428
16421
16416
16415
16414
16407
16395
16394
16392
16385
16384
16379
16379
16376
16369
16365
16362
16361
16359
16356
16355
16342
16336
16335
16334
16329
16324
16317
16316
16311
16308
16303
16302
16294
16288
16283
16280
16275
16272
16271
16270
16270
16269
16269
16264
16262
16256
16252
16252
16250
16246
16238
16238
16236
16236
16234
16232
16231
16231
16230
16226
16224
16224
16222
16220
16204
16203
16199
16199
16196
16193
16193
16191
16184
16182
16182
16180
16180
16176
16173
16163
16162
16160
16159
16157
16156
16154
16154
16149
16149
16140
16138
16135
16128
16127
16124
16120
16114
16110
16096
16092
16089
16089
16087
16086
16086
16079
16078
16076
16074
16071
16070
16067
16064
16060
16059
16056
16051
16047
16047
16044
16042
16042
16039
16035
16034
16027
16023
16023
16020
16020
16019
16019
16018
16016
16010
16009
16006
15997
15995
15988
15981
15978
15978
15972
15970
15962
15960
15959
15958
15954
15946
15945
15940
15934
15931
15929
15923
15922
15920
15915
15915
15913
15912
15910
15907
15903
15898
15887
15887
15886
15886
15883
15879
15879
15873
15871
15869
15867
15859
15859
15859
15858
15855
15854
15853
15849
15849
15841
15836
15833
15832
15831
15826
15819
15818
15814
15812
15812
15801
15799
15797
15795
15794
15793
15793
15788
15787
15784
15782
15775
15771
15769
15769
15768
15766
15766
15760
15757
15753
15751
15748
15748
15746
15739
15738
15737
15736
15732
15730
15730
15729
15725
15722
15720
15718
15716
15709
15704
15701
15697
15696
15691
15680
15673
15670
15667
15666
15663
15660
15658
15654
15654
15652
15650
15644
15643
15637
15634
15633
15629
15628
15628
15624
15615
15613
15613
15611
15611
15610
15610
15607
15607
15602
15599
15598
15593
15592
15592
15589
15587
15585
15583
15582
15579
15574
15564
15563
15554
15554
15551
15547
15545
15542
15542
15541
15536
15533
15530
15530
15529
15529
15527
15517
15517
15512
15507
15504
15494
15493
15491
15490
15489
15488
15486
15485
15485
15485
15484
15484
15482
15482
15480
15476
15475
15473
15473
15465
15456
15456
15453
15452
15449
15446
15442
15432
15431
15426
15426
15424
15418
15416
15404
15400
15399
15395
15393
15393
15392
15390
15388
15383
15381
15380
15362
15361
15360
15359
15351
15345
15345
15344
15332
15331
15328
15328
15323
15321
15321
15320
15320
15319
15319
15315
15313
15309
15308
15307
15302
15298
15297
15297
15296
15295
15295
15295
15292
15291
15288
15288
15283
15263
15262
15262
15254
15250
15250
15248
15240
15233
15232
15230
15227
15226
15225
15223
15223
15218
15211
15203
15201
15198
15195
15191
15191
15191
15189
15188
15182
15175
15170
15156
15147
15140
15138
15135
15132
15129
15124
15120
15119
15118
15115
15108
15106
15105
15104
15097
15093
15090
15082
15081
15080
15070
15069
15065
15065
15063
15060
15059
15053
15053
15052
15049
15047
15037
15037
15026
15025
15021
15021
15019
15015
14999
14995
14995
14995
14994
14992
14991
14985
14982
14979
14979
14975
14974
14966
14966
14965
14962
14953
14952
14933
14927
14927
14926
14926
14925
14921
14914
14912
14912
14911
14910
14909
14906
14906
14897
14896
14886
14884
14879
14878
14874
14873
14869
14869
14865
14865
14853
14850
14842
14841
14834
14827
14824
14822
14813
14810
14807
14806
14804
14800
14795
14795
14794
14788
14782
14780
14775
14772
14772
14761
14759
14757
14753
14750
14746
14741
14739
14736
14732
14725
14723
14723
14722
14719
14717
14714
14709
14707
14703
14702
14691
14691
14687
14687
14686
14684
14677
14676
14675
14673
14673
14669
14666
14665
14646
14643
14637
14634
14633
14633
14621
14615
14613
14611
14610
14608
14604
14603
14601
14598
14597
14595
14594
14582
14559
14559
14558
14554
14552
14536
14530
14518
14514
14508
14508
14505
14503
14494
14489
14488
14487
14486
14485
14484
14480
14479
14479
14469
14469
14467
14461
14457
14455
14450
14447
14443
14426
14426
14425
14425
14417
14415
14414
14410
14408
14406
14403
14402
14402
14399
14394
14393
14390
14389
14386
14382
14378
14377
14372
14370
14369
14366
14365
14360
14358
14355
14355
14348
14345
14338
14318
14318
14314
14314
14309
14307
14307
14305
14301
14296
14293
14291
14290
14288
14287
14287
14281
14279
14274
14273
14270
14264
14254
14254
14247
14247
14246
14242
14240
14236
14236
14224
14222
14221
14216
14213
14210
14209
14207
14206
14204
14204
14200
14197
14197
14193
14188
14179
14176
14174
14173
14173
14172
14165
14163
14158
14154
14138
14137
14136
14135
14133
14129
14127
14109
14109
14106
14098
14094
14093
14089
14081
14079
14076
14075
14066
14065
14063
14062
14062
14060
14058
14056
14053
14049
14048
14044
14042
14040
14038
14038
14030
14028
14028
14024
14022
14022
14008
14006
14003
13987
13975
13975
13968
13968
13968
13964
13962
13959
13959
13957
13955
13955
13952
13943
13931
13929
13928
13924
13919
13910
13910
13909
13908
13907
13907
13905
13904
13904
13902
13900
13900
13896
13893
13888
13886
13881
13881
13877
13869
13865
13862
13862
13852
13845
13844
13842
13837
13836
13835
13835
13835
13833
13831
13817
13816
13811
13810
13807
13806
13799
13796
13795
13795
13793
13790
13789
13784
13779
13767
13763
13763
13752
13748
13748
13746
13743
13741
13740
13738
13738
13737
13735
13734
13723
13722
13720
13719
13715
13714
13711
13710
13706
13704
13703
13692
13692
13689
13681
13668
13662
13661
13660
13658
13658
13656
13655
13652
13651
13647
13645
13643
13630
13621
13620
13611
13610
13609
13609
13609
13608
13605
13604
13601
13598
13593
13592
13591
13590
13589
13585
13584
13583
13581
13576
13575
13574
13573
13567
13566
13565
13564
13564
13557
13556
13555
13554
13540
13536
13532
13532
13529
13525
13523
13522
13521
13521
13520
13519
13519
13517
13514
13513
13505
13488
13485
13484
13482
13470
13468
13466
13464
13464
13463
13462
13461
13457
13457
13454
13448
13447
13446
13444
13439
13435
13433
13430
13422
13419
13416
13416
13414
13411
13400
13388
13387
13383
13375
13371
13371
13368
13365
13364
13355
13354
13354
13346
13343
13341
13339
13337
13335
13333
13327
13318
13317
13314
13306
13298
13296
13296
13293
13288
13288
13285
13284
13282
13278
13270
13270
13266
13261
13259
13257
13255
13250
13244
13244
13238
13236
13236
13236
13227
13225
13225
13220
13216
13210
13209
13208
13199
13195
13194
13194
13193
13191
13190
13190
13186
13186
13184
13172
13169
13169
13163
13143
13141
13137
13137
13130
13117
13114
13111
13110
13105
13101
13095
13092
13092
13086
13080
13078
13076
13075
13069
13068
13067
13057
13053
13053
13049
13049
13047
13046
13044
13041
13040
13039
13036
13035
13035
13034
13025
13020
13013
13006
12996
12992
12990
12984
12983
12979
12978
12978
12977
12972
12967
12965
12965
12962
12949
12949
12947
12944
12943
12943
12942
12941
12939
12939
12937
12937
12928
12928
12927
12922
12916
12916
12914
12912
12912
12909
12907
12905
12899
12894
12893
12893
12892
12885
12881
12877
12873
12872
12868
12867
12866
12865
12862
12855
12850
12848
12848
12848
12847
12842
12842
12839
12832
12829
12826
12825
12821
12818
12803
12798
12794
12787
12786
12781
12777
12775
12773
12773
12772
12771
12767
12765
12765
12764
12762
12760
12759
12758
12755
12753
12751
12751
12750
12750
12741
12733
12723
12720
12715
12713
12708
12707
12699
12698
12697
12696
12695
12695
12688
12685
12681
12680
12679
12678
12675
12674
12672
12671
12664
12656
12654
12651
12644
12640
12632
12628
12622
12621
12617
12614
12612
12603
12603
12600
12591
12591
12591
12590
12589
12584
12582
12579
12570
12568
12563
12544
12536
12535
12534
12534
12529
12525
12519
12517
12516
12511
12507
12506
12502
12501
12500
12487
12486
12486
12485
12482
12481
12478
12477
12476
12474
12469
12469
12469
12465
12459
12457
12455
12455
12450
12450
12450
12446
12442
12438
12433
12432
12431
12424
12415
12410
12408
12407
12407
12405
12405
12404
12399
12398
12396
12394
12388
12385
12373
12370
12370
12357
12350
12349
12344
12344
12344
12341
12338
12335
12330
12328
12320
12317
12315
12315
12314
12314
12311
12305
12304
12302
12299
12298
12294
12292
12288
12285
12283
12282
12280
12278
12271
12267
12267
12266
12260
12255
12255
12249
12248
12244
12240
12238
12233
12231
12226
12225
12223
12218
12211
12211
12210
12210
12209
12201
12199
12197
12195
12193
12192
12188
12185
12182
12180
12167
12159
12159
12157
12147
12145
12142
12132
12131
12124
12122
12117
12117
12116
12114
12112
12111
12106
12105
12104
12101
12099
12096
12094
12090
12089
12087
12086
12084
12074
12073
12068
12060
12057
12045
12042
12041
12041
12040
12038
12036
12031
12028
12025
12025
12019
12017
12016
12016
12015
12008
12007
11997
11997
11994
11994
11993
11987
11983
11970
11966
11961
11958
11957
11957
11954
11951
11950
11947
11946
11941
11939
11933
11927
11926
11923
11915
11912
11909
11908
11903
11900
11900
11899
11897
11894
11892
11891
11890
11889
11888
11886
11884
11873
11867
11853
11853
11847
11846
11845
11841
11838
11836
11836
11834
11833
11830
11830
11829
11828
11826
11821
11817
11814
11814
11810
11807
11804
11798
11787
11785
11776
11772
11770
11767
11766
11764
11761
11760
11756
11755
11751
11749
11744
11739
11737
11732
11730
11730
11725
11722
11712
11712
11711
11706
11706
11704
11701
11698
11698
11692
11690
11689
11687
11683
11682
11677
11677
11675
11659
11658
11656
11655
11653
11651
11645
11643
11643
11638
11635
11632
11630
11610
11609
11597
11588
11580
11569
11566
11564
11559
11556
11554
11550
11544
11538
11538
11536
11533
11530
11529
11527
11526
11519
11518
11517
11516
11515
11515
11513
11512
11509
11505
11503
11496
11489
11487
11482
11482
11481
11481
11479
11478
11477
11475
11471
11456
11456
11455
11454
11454
11451
11450
11444
11443
11441
11438
11436
11426
11423
11418
11410
11410
11409
11406
11404
11397
11387
11376
11376
11374
11373
11371
11370
11369
11365
11362
11360
11359
11351
11344
11342
11338
11335
11334
11332
11332
11330
11330
11328
11320
11311
11305
11303
11301
11300
11298
11295
11294
11292
11284
11283
11283
11283
11282
11278
11276
11271
11265
11265
11261
11258
11257
11251
11245
11235
11234
11222
11209
11206
11205
11205
11201
11196
11191
11189
11186
11179
11174
11172
11166
11154
11153
11149
11148
11146
11140
11129
11127
11119
11117
11113
11107
11107
11105
11103
11102
11097
11092
11090
11076
11070
11069
11064
11063
11060
11059
11058
11052
11052
11051
11047
11046
11044
11043
11035
11016
11011
11002
10998
10994
10986
10986
10985
10984
10977
10975
10975
10973
10972
10970
10967
10967
10959
10958
10956
10953
10951
10948
10944
10940
10929
10929
10925
10925
10924
10915
10915
10915
10908
10902
10898
10898
10896
10895
10895
10894
10894
10894
10890
10890
10884
10870
10866
10861
10857
10854
10850
10847
10845
10844
10837
10836
10832
10829
10828
10827
10827
10824
10823
10823
10821
10801
10800
10798
10789
10788
10788
10787
10785
10783
10781
10779
10770
10770
10767
10765
10753
10752
10752
10747
10741
10734
10733
10731
10729
10728
10727
10726
10724
10721
10716
10714
10713
10708
10701
10695
10690
10685
10673
10673
10663
10659
10658
10649
10637
10636
10631
10628
10627
10623
10622
10621
10621
10618
10617
10613
10603
10602
10600
10598
10598
10587
10580
10579
10578
10562
10561
10561
10555
10554
10553
10552
10543
10537
10536
10536
10534
10522
10513
10510
10506
10500
10499
10498
10498
10495
10481
10480
10479
10476
10466
10464
10464
10463
10463
10458
10456
10455
10450
10441
10436
10433
10431
10425
10425
10421
10421
10419
10408
10407
10405
10402
10400
10394
10394
10393
10391
10389
10387
10384
10377
10375
10372
10366
10363
10361
10359
10359
10351
10346
10345
10336
10331
10327
10326
10320
10318
10317
10315
10315
10310
10309
10302
10297
10296
10296
10293
10291
10290
10281
10278
10271
10269
10265
10259
10257
10256
10249
10249
10246
10237
10236
10235
10233
10232
10227
10227
10225
10210
10207
10198
10195
10195
10195
10191
10188
10184
10180
10180
10167
10156
10152
10151
10147
10145
10142
10141
10139
10136
10135
10132
10128
10125
10124
10117
10117
10112
10110
10105
10104
10097
10094
10094
10090
10089
10086
10085
10084
10083
10075
10074
10074
10067
10066
10066
10066
10065
10062
10060
10058
10058
10047
10042
10041
10035
10030
10025
10025
10021
10020
10015
10007
10003
10002
10001
9995
9988
9985
9983
9982
9980
9974
9971
9969
9963
9963
9962
9959
9954
9952
9951
9947
9947
9943
9936
9935
9935
9928
9927
9927
9919
9917
9916
9912
9906
9903
9902
9902
9897
9895
9893
9889
9885
9878
9877
9875
9871
9867
9863
9855
9852
9847
9842
9840
9838
9836
9828
9824
9816
9814
9814
9806
9806
9805
9803
9802
9780
9778
9777
9774
9772
9764
9762
9762
9746
9740
9733
9731
9729
9728
9725
9724
9716
9715
9714
9705
9703
9701
9692
9690
9690
9675
9674
9654
9653
9646
9644
9644
9642
9638
9638
9637
9636
9634
9633
9632
9627
9625
9625
9620
9619
9618
9612
9612
9609
9608
9602
9600
9597
9595
9591
9590
9590
9588
9581
9576
9564
9561
9560
9557
9555
9549
9548
9548
9543
9539
9538
9537
9534
9533
9533
9530
9525
9524
9524
9522
9519
9518
9517
9514
9513
9508
9505
9505
9497
9492
9492
9489
9483
9482
9479
9473
9471
9470
9467
9459
9453
9445
9445
9444
9437
9436
9434
9428
9424
9407
9407
9404
9402
9396
9393
9390
9375
9371
9370
9369
9369
9363
9362
9361
9360
9351
9348
9337
9334
9334
9332
9332
9331
9326
9324
9315
9314
9310
9306
9299
9293
9288
9283
9283
9281
9280
9278
9278
9271
9271
9269
9268
9266
9266
9263
9256
9256
9253
9251
9251
9249
9246
9236
9236
9235
9229
9216
9213
9209
9208
9205
9200
9194
9191
9179
9177
9176
9176
9174
9173
9172
9171
9170
9163
9163
9162
9161
9156
9150
9147
9147
9146
9143
9136
9135
9129
9128
9126
9123
9122
9120
9120
9110
9105
9103
9097
9089
9085
9080
9075
9073
9067
9065
9063
9062
9062
9061
9058
9057
9057
9046
9046
9046
9045
9044
9034
9020
9017
9014
9013
9008
9008
9003
9001
9001
8998
8998
8995
8989
8984
8979
8977
8975
8974
8966
8965
8963
8962
8954
8951
8946
8945
8945
8945
8943
8941
8941
8941
8941
8935
8929
8927
8927
8925
8924
8919
8917
8914
8913
8900
8900
8898
8898
8897
8897
8889
8886
8883
8876
8866
8866
8863
8863
8862
8856
8845
8842
8837
8837
8831
8825
8814
8807
8805
8802
8800
8797
8796
8790
8786
8786
8785
8784
8783
8782
8780
8775
8774
8772
8767
8767
8762
8753
8751
8743
8743
8743
8739
8739
8727
8726
8723
8723
8717
8714
8714
8713
8712
8712
8706
8705
8704
8699
8698
8697
8694
8688
8688
8685
8683
8677
8676
8673
8672
8671
8665
8653
8648
8647
8644
8642
8636
8632
8628
8624
8624
8623
8623
8621
8614
8608
8608
8605
8599
8599
8595
8593
8577
8573
8571
8561
8560
8555
8552
8543
8538
8536
8536
8530
8530
8527
8525
8514
8512
8506
8501
8491
8487
8487
8486
8476
8474
8473
8473
8466
8456
8444
8431
8429
8422
8413
8404
8401
8399
8396
8394
8394
8391
8391
8382
8379
8379
8377
8377
8372
8371
8365
8359
8349
8342
8341
8339
8339
8336
8334
8333
8325
8321
8321
8310
8309
8309
8306
8304
8303
8302
8301
8300
8299
8293
8288
8288
8285
8280
8270
8269
8268
8268
8267
8257
8254
8247
8247
8242
8236
8227
8221
8218
8217
8216
8214
8212
8209
8206
8203
8201
8200
8196
8184
8182
8182
8181
8168
8167
8164
8164
8159
8149
8142
8139
8128
8127
8127
8126
8125
8111
8104
8102
8094
8093
8091
8091
8085
8079
8079
8074
8073
8073
8070
8059
8052
8046
8043
8040
8039
8033
8033
8033
8023
8019
8019
8019
8019
8009
8005
8005
8004
8004
8002
7991
7991
7984
7980
7978
7969
7969
7968
7967
7963
7961
7953
7951
7938
7934
7926
7924
7921
7913
7909
7907
7900
7898
7897
7894
7894
7894
7893
7890
7888
7887
7878
7876
7874
7869
7868
7868
7862
7861
7845
7844
7839
7832
7819
7817
7816
7814
7810
7802
7800
7797
7796
7793
7793
7793
7790
7786
7786
7781
7781
7775
7775
7771
7768
7763
7761
7750
7750
7748
7747
7740
7738
7738
7734
7733
7732
7731
7722
7713
7713
7710
7704
7696
7693
7691
7689
7686
7683
7680
7680
7677
7677
7676
7666
7661
7655
7648
7646
7644
7637
7636
7635
7634
7630
7629
7626
7625
7623
7618
7613
7611
7608
7604
7601
7597
7586
7585
7584
7583
7580
7579
7578
7578
7577
7573
7568
7566
7565
7557
7553
7542
7541
7541
7535
7534
7533
7530
7527
7526
7520
7518
7518
7517
7514
7510
7506
7505
7503
7502
7495
7492
7492
7490
7481
7479
7472
7472
7468
7467
7466
7459
7453
7453
7452
7450
7448
7446
7445
7443
7437
7435
7433
7431
7429
7428
7421
7419
7415
7407
7400
7393
7386
7380
7375
7373
7372
7370
7370
7367
7365
7363
7359
7359
7357
7356
7349
7348
7342
7338
7335
7333
7329
7321
7317
7317
7310
7308
7302
7300
7296
7295
7294
7290
7289
7277
7274
7274
7269
7266
7260
7260
7259
7259
7257
7256
7256
7254
7251
7250
7247
7242
7238
7237
7232
7231
7230
7224
7219
7217
7215
7213
7200
7198
7183
7177
7175
7171
7164
7163
7161
7160
7157
7156
7154
7153
7153
7152
7148
7144
7143
7140
7135
7129
7127
7125
7116
7113
7106
7104
7103
7103
7101
7101
7098
7096
7095
7091
7075
7074
7072
7069
7063
7060
7053
7048
7046
7043
7040
7035
7035
7033
7032
7032
7032
7031
7030
7029
7029
7028
7025
7019
7018
7017
7014
7014
7007
7004
7002
7002
7000
6999
6997
6996
6995
6989
6981
6973
6972
6971
6966
6961
6959
6957
6957
6944
6943
6941
6934
6929
6923
6922
6922
6919
6915
6914
6912
6907
6901
6895
6890
6884
6881
6875
6874
6873
6869
6863
6861
6861
6854
6842
6842
6833
6831
6828
6828
6828
6826
6822
6814
6814
6809
6809
6804
6799
6798
6798
6796
6794
6791
6788
6787
6785
6781
6781
6780
6776
6775
6774
6773
6771
6766
6765
6764
6763
6760
6755
6755
6753
6753
6751
6750
6750
6748
6747
6744
6738
6732
6727
6726
6725
6724
6724
6724
6722
6720
6718
6717
6715
6708
6705
6692
6692
6686
6685
6680
6679
6678
6676
6668
6667
6647
6644
6643
6643
6638
6637
6634
6624
6620
6613
6610
6602
6602
6601
6600
6597
6593
6584
6584
6579
6575
6570
6570
6564
6560
6556
6556
6554
6553
6549
6545
6540
6540
6535
6534
6522
6521
6519
6518
6515
6513
6513
6507
6504
6501
6499
6498
6495
6495
6493
6487
6487
6482
6482
6472
6467
6463
6463
6463
6461
6459
6456
6454
6450
6443
6443
6433
6421
6421
6413
6410
6403
6394
6390
6389
6388
6372
6372
6370
6370
6365
6356
6355
6345
6339
6326
6326
6325
6324
6321
6319
6314
6311
6310
6309
6305
6304
6302
6296
6294
6294
6293
6291
6290
6287
6287
6284
6268
6268
6267
6263
6261
6254
6253
6250
6249
6245
6244
6244
6243
6239
6233
6230
6229
6229
6227
6222
6220
6214
6211
6209
6199
6198
6196
6193
6185
6183
6183
6182
6171
6168
6165
6165
6163
6158
6155
6148
6143
6134
6132
6122
6121
6119
6113
6112
6105
6102
6102
6101
6101
6101
6101
6097
6092
6085
6078
6074
6067
6066
6062
6060
6060
6059
6058
6057
6054
6046
6045
6044
6044
6037
6036
6036
6035
6033
6030
6030
6030
6028
6028
6028
6023
6022
6008
6007
6007
6006
6005
6002
5997
5994
5994
5991
5981
5978
5974
5972
5969
5969
5968
5966
5961
5960
5952
5952
5945
5931
5931
5930
5928
5926
5924
5921
5917
5916
5915
5909
5904
5904
5903
5897
5896
5891
5887
5886
5885
5880
5880
5875
5874
5865
5860
5852
5848
5848
5848
5839
5838
5837
5835
5825
5824
5823
5822
5820
5817
5816
5814
5811
5811
5806
5805
5800
5797
5793
5793
5792
5789
5787
5784
5777
5775
5775
5772
5771
5770
5764
5762
5749
5747
5735
5734
5733
5729
5727
5718
5717
5717
5715
5706
5704
5703
5700
5694
5691
5683
5682
5672
5671
5669
5664
5661
5661
5661
5655
5651
5645
5639
5636
5635
5634
5633
5631
5626
5621
5615
5614
5608
5607
5602
5596
5589
5586
5582
5580
5577
5575
5572
5569
5566
5562
5561
5560
5559
5553
5548
5545
5544
5539
5538
5535
5528
5528
5524
5518
5518
5510
5509
5503
5503
5502
5501
5501
5499
5494
5487
5486
5483
5475
5471
5466
5465
5457
5455
5450
5446
5446
5442
5438
5437
5434
5434
5432
5430
5429
5428
5427
5426
5419
5417
5402
5395
5384
5383
5383
5379
5374
5372
5369
5364
5359
5359
5356
5356
5351
5346
5328
5321
5320
5317
5312
5311
5310
5306
5303
5303
5302
5296
5294
5286
5284
5280
5278
5276
5259
5255
5235
5234
5230
5229
5229
5226
5221
5216
5205
5204
5200
5193
5193
5188
5183
5182
5181
5172
5171
5171
5167
5162
5161
5160
5158
5156
5149
5148
5147
5146
5143
5136
5135
5134
5130
5127
5124
5123
5122
5122
5120
5118
5116
5115
5114
5113
5111
5109
5106
5105
5104
5102
5102
5097
5093
5092
5087
5085
5076
5075
5074
5069
5068
5067
5057
5056
5055
5055
5051
5047
5038
5032
5031
5028
5028
5027
5026
5020
5019
5018
5017
5016
5013
5011
5011
5011
5007
5006
5004
5003
5002
5000
4995
4995
4994
4984
4983
4980
4978
4975
4973
4969
4968
4967
4967
4965
4960
4960
4956
4954
4949
4949
4935
4926
4924
4923
4920
4919
4915
4912
4908
4907
4907
4897
4896
4891
4890
4889
4885
4883
4882
4875
4873
4869
4867
4866
4865
4860
4858
4852
4849
4849
4849
4847
4844
4844
4832
4831
4828
4827
4826
4818
4816
4811
4811
4811
4810
4808
4808
4805
4800
4800
4789
4784
4779
4779
4777
4762
4761
4751
4750
4749
4749
4746
4745
4741
4739
4739
4735
4735
4734
4723
4721
4719
4717
4715
4715
4710
4705
4703
4702
4697
4696
4696
4695
4693
4693
4692
4689
4684
4683
4680
4676
4675
4672
4672
4671
4669
4668
4662
4660
4660
4658
4656
4653
4650
4648
4646
4642
4635
4632
4632
4619
4619
4611
4611
4610
4607
4606
4606
4605
4605
4605
4594
4593
4593
4591
4588
4586
4583
4581
4578
4578
4578
4577
4573
4565
4560
4556
4555
4547
4543
4533
4533
4532
4532
4530
4529
4528
4523
4522
4520
4518
4518
4516
4511
4506
4506
4505
4504
4504
4493
4491
4490
4489
4488
4484
4483
4477
4475
4473
4465
4465
4453
4449
4445
4443
4441
4441
4436
4430
4421
4421
4416
4416
4407
4403
4401
4395
4392
4389
4379
4376
4375
4374
4368
4367
4360
4358
4355
4355
4350
4346
4344
4337
4325
4325
4325
4324
4323
4321
4313
4311
4309
4307
4305
4302
4302
4300
4297
4294
4292
4290
4285
4282
4277
4274
4274
4269
4266
4265
4262
4259
4254
4253
4249
4249
4249
4247
4247
4245
4242
4239
4239
4235
4234
4231
4230
4229
4226
4225
4222
4220
4219
4217
4214
4201
4197
4195
4191
4189
4184
4181
4180
4178
4172
4171
4171
4166
4164
4161
4159
4159
4158
4157
4155
4152
4150
4140
4135
4130
4128
4127
4126
4118
4116
4110
4109
4109
4106
4103
4089
4089
4087
4084
4079
4078
4077
4077
4077
4076
4070
4067
4064
4056
4053
4052
4049
4049
4044
4039
4036
4032
4030
4028
4028
4018
4018
4017
4017
4012
4006
4004
4001
4000
3993
3993
3993
3990
3988
3982
3961
3958
3956
3956
3955
3952
3946
3945
3943
3942
3939
3938
3938
3937
3936
3936
3932
3931
3929
3914
3910
3910
3904
3892
3891
3885
3885
3883
3882
3881
3880
3875
3867
3862
3853
3852
3849
3845
3839
3839
3837
3833
3832
3826
3822
3819
3819
3816
3815
3815
3811
3811
3810
3808
3808
3807
3806
3802
3800
3797
3793
3787
3786
3781
3781
3773
3770
3767
3766
3758
3757
3756
3753
3748
3747
3743
3742
3740
3740
3739
3735
3731
3731
3731
3727
3724
3722
3720
3719
3716
3714
3714
3701
3693
3691
3687
3684
3683
3678
3676
3672
3671
3669
3662
3658
3658
3628
3627
3621
3616
3616
3611
3607
3605
3602
3600
3599
3595
3592
3591
3588
3587
3584
3577
3571
3567
3563
3559
3557
3552
3540
3539
3539
3537
3536
3535
3532
3532
3530
3525
3525
3521
3510
3509
3507
3484
3476
3468
3466
3465
3464
3463
3460
3445
3443
3441
3440
3433
3433
3433
3433
3431
3415
3412
3405
3401
3399
3395
3395
3385
3379
3377
3370
3370
3368
3365
3365
3363
3354
3348
3348
3342
3337
3337
3333
3326
3317
3316
3307
3305
3304
3303
3301
3294
3289
3283
3281
3279
3279
3279
3271
3271
3270
3267
3266
3266
3265
3265
3254
3250
3247
3242
3239
3238
3238
3237
3228
3225
3225
3224
3223
3222
3221
3214
3213
3213
3212
3204
3202
3201
3200
3199
3197
3192
3188
3184
3184
3181
3180
3174
3174
3171
3170
3170
3168
3159
3157
3155
3153
3145
3140
3139
3136
3135
3129
3126
3124
3120
3111
3108
3106
3101
3096
3096
3094
3086
3085
3084
3083
3078
3071
3069
3064
3063
3061
3057
3054
3052
3051
3048
3044
3025
3021
3018
3018
3015
3009
3008
3008
3007
3005
3002
2999
2997
2996
2995
2991
2989
2972
2972
2967
2963
2959
2958
2956
2954
2952
2950
2944
2943
2942
2938
2922
2920
2912
2911
2899
2899
2898
2898
2897
2896
2889
2889
2885
2884
2884
2883
2881
2881
2878
2878
2873
2873
2871
2868
2867
2863
2862
2861
2853
2852
2851
2848
2846
2837
2836
2834
2833
2828
2827
2823
2821
2819
2814
2814
2814
2811
2810
2807
2805
2798
2795
2793
2792
2788
2784
2778
2776
2776
2776
2775
2772
2769
2768
2768
2763
2755
2755
2751
2748
2747
2746
2735
2726
2714
2711
2711
2710
2707
2701
2687
2683
2682
2681
2677
2676
2673
2671
2668
2668
2663
2651
2648
2645
2626
2624
2615
2615
2608
2607
2599
2595
2590
2587
2586
2584
2579
2576
2572
2570
2567
2554
2553
2553
2552
2551
2549
2548
2547
2547
2546
2546
2545
2538
2537
2535
2532
2520
2506
2506
2505
2504
2503
2500
2498
2498
2497
2490
2488
2487
2484
2474
2470
2470
2468
2467
2459
2457
2455
2444
2435
2434
2434
2429
2428
2425
2415
2410
2402
2400
2398
2398
2396
2389
2387
2386
2383
2378
2378
2377
2377
2374
2369
2366
2365
2363
2359
2358
2353
2351
2351
2350
2343
2337
2335
2334
2328
2327
2325
2322
2321
2321
2316
2304
2301
2299
2298
2297
2296
2295
2295
2293
2281
2277
2276
2275
2272
2272
2268
2255
2254
2252
2249
2247
2245
2242
2241
2239
2237
2236
2231
2230
2230
2229
2229
2221
2217
2217
2213
2210
2209
2208
2208
2206
2204
2198
2194
2188
2185
2177
2172
2165
2160
2160
2159
2154
2152
2152
2146
2145
2132
2126
2121
2115
2113
2111
2110
2109
2103
2103
2102
2100
2100
2100
2099
2095
2095
2089
2084
2082
2079
2071
2059
2059
2059
2058
2056
2053
2051
2045
2044
2044
2036
2036
2029
2020
2018
2017
2013
2013
2010
2008
1998
1991
1991
1990
1981
1976
1971
1967
1966
1962
1962
1961
1960
1955
1954
1945
1939
1936
1935
1931
1928
1920
1919
1917
1913
1912
1911
1895
1894
1893
1892
1891
1889
1887
1887
1880
1880
1879
1874
1863
1860
1857
1853
1853
1853
1849
1847
1846
1845
1840
1834
1832
1824
1819
1818
1818
1814
1807
1806
1801
1795
1794
1793
1790
1787
1780
1778
1778
1777
1766
1760
1754
1752
1749
1747
1746
1739
1732
1727
1721
1718
1717
1716
1704
1698
1692
1685
1676
1672
1671
1668
1661
1649
1647
1646
1643
1632
1628
1625
1619
1616
1610
1608
1607
1607
1601
1596
1592
1591
1589
1587
1585
1583
1582
1578
1575
1570
1570
1566
1560
1559
1558
1555
1555
1535
1531
1531
1530
1523
1517
1509
1503
1495
1487
1481
1473
1471
1469
1465
1465
1458
1455
1455
1449
1448
1447
1443
1436
1435
1434
1430
1430
1427
1424
1423
1422
1416
1415
1415
1411
1411
1403
1400
1394
1392
1391
1384
1383
1381
1381
1380
1375
1373
1372
1372
1372
1366
1366
1362
1358
1355
1353
1352
1345
1344
1336
1331
1330
1328
1328
1325
1324
1321
1316
1308
1305
1302
1295
1295
1289
1288
1285
1285
1280
1280
1277
1276
1275
1275
1269
1268
1265
1262
1261
1257
1255
1255
1254
1252
1251
1250
1249
1242
1240
1239
1236
1233
1231
1228
1224
1217
1200
1199
1199
1197
1191
1180
1178
1176
1173
1153
1141
1137
1134
1131
1127
1121
1118
1110
1109
1100
1098
1097
1096
1093
1090
1084
1084
1084
1081
1077
1076
1075
1070
1066
1066
1066
1063
1053
1052
1047
1046
1044
1043
1043
1040
1036
1034
1031
1031
1030
1030
1021
1019
1014
1013
1010
1005
1000
998
997
997
992
988
984
981
978
976
972
972
965
964
957
951
949
946
945
934
932
928
925
920
920
918
918
917
916
906
896
895
889
888
887
887
886
885
884
882
882
880
875
872
870
867
863
862
862
860
856
853
851
837
837
837
824
815
814
811
806
803
801
799
799
782
758
757
757
757
754
753
752
748
748
746
745
744
740
729
727
716
715
715
712
706
706
696
694
680
679
674
669
657
655
648
640
639
636
630
628
627
619
619
618
617
617
613
612
609
604
598
593
590
589
587
579
577
575
572
562
547
547
546
544
544
541
540
524
514
509
507
503
502
500
497
496
496
484
484
483
478
476
471
470
468
465
463
459
451
449
446
444
441
439
437
435
432
427
425
418
408
398
397
396
378
378
373
373
372
368
367
365
363
363
349
346
346
343
343
338
337
337
333
331
331
304
303
302
299
296
293
292
282
279
278
268
263
262
255
252
249
221
221
210
207
202
200
198
196
196
190
184
174
173
160
156
155
155
152
152
152
152
152
150
150
150
150
143
138
137
136
132
126
125
124
124
124
122
117
112
110
109
107
107
104
100
93
87
86
84
80
78
73
71
71
63
55
55
50
44
36
32
31
20
14
13
11
11
10
0
