18427
7103
30454
13049
25192
1127
15736
25929
9271
30203
32757
9062
30569
30987
4368
28788
8543
4360
11206
2959
21657
5880
13137
16407
4036
11374
10828
4171
28148
23226
9497
28186
19502
12893
15232
30261
26665
32448
15768
24937
23637
25125
12267
8236
7453
28125
21205
21622
23401
2747
14637
7634
28776
17866
12839
27572
13964
21819
2681
18957
29654
27041
26813
23581
14675
8033
18711
31112
23527
9315
23575
8621
27209
26126
19681
14643
17487
23412
12939
17892
14188
16329
12486
7359
17527
20762
3009
13896
29357
26427
13130
7459
21498
30466
2359
10977
7796
21938
26372
1818
32552
20666
9917
7356
2586
28064
13086
31138
27527
26168
25338
19561
15981
13593
9177
29823
11342
18001
14309
22652
14896
8280
2823
30390
26344
6467
25421
25615
32408
27706
28815
11538
18295
17196
32594
19775
27600
2241
21228
12450
17742
5777
27369
29611
28022
5011
14254
21817
14197
5848
604
3832
30492
25209
3063
2029
14633
19150
10184
5455
20680
7648
21759
15769
24153
7969
7069
12765
13172
27483
12433
29019
14378
22759
9505
19282
13710
10271
9612
13078
10613
6165
2798
6755
1913
13190
17507
17905
2884
27145
23407
20552
11
18828
6046
20182
8536
27649
1383
19775
30989
27989
25686
4852
24230
32162
16491
26375
31678
25509
15037
17982
31188
882
17762
16230
15696
15718
22163
27113
20929
14686
22284
10915
27497
29222
20402
15090
8699
5429
6776
9740
18595
2711
6787
12438
1863
14634
16269
24178
6413
23309
22663
2776
21533
30294
31106
18088
24232
19971
30927
28926
13609
24372
18277
15879
26090
16023
10372
8212
9674
27171
3224
18157
8767
25353
4960
10600
13463
9191
31055
19770
23171
18239
29747
16652
6101
29225
17172
31954
9609
22340
30047
7256
4610
26098
11588
10269
13975
31173
24924
24677
9806
7732
24975
16010
31207
14995
9013
8339
7453
14914
6267
21255
296
1316
5896
27908
22662
23634
4577
12939
16379
28433
10890
28958
30935
15362
23919
2701
6263
4761
19842
8717
20750
18640
29476
8074
14246
31005
12873
32062
11105
23713
7127
4995
16901
5538
24144
22245
23991
32315
10673
15484
20487
20306
2714
14457
11821
13259
174
2814
14994
7163
21565
20275
1939
25952
28449
150
14209
10895
15589
27282
32236
20333
22061
13908
17953
7586
31569
2778
8945
1355
8780
29516
27572
21999
7125
32656
10894
949
5067
21273
16369
19668
28886
5631
24419
21322
22348
31829
18818
32465
21329
22455
26437
15119
28227
26402
10884
26125
13141
22792
22459
746
26489
13220
7435
1233
30852
6028
6785
17960
26508
4229
16283
10
12949
26778
8712
22008
365
12656
12720
18891
6613
30676
28148
11245
24289
21910
55
23497
24482
21914
24477
27776
14594
24108
25106
478
20206
5524
24207
31116
8379
29930
17560
13447
15554
32044
19722
5328
5966
17038
10259
870
18617
16913
19586
4721
30417
13655
19521
4032
28032
22710
21023
7029
10925
22411
11475
5887
24925
21201
2878
73
14366
13810
19953
3377
18085
19932
4591
6972
5814
22104
22708
18312
11332
29079
29046
17154
22746
15886
1962
14040
24121
32389
31434
19762
9283
2154
25430
12829
1559
27754
26905
8391
31358
3395
20141
20722
7046
6355
22081
22691
20844
6005
25498
22042
9407
1422
32600
30215
31683
11107
8059
10747
18196
10030
22821
8989
24971
23920
24481
25886
10085
17288
29861
1391
2210
14469
11732
27313
6828
24633
13191
8301
27961
13454
23757
4869
9842
16670
19633
18410
10837
15613
29883
26128
20824
30425
8377
8863
29263
18246
28606
26092
17295
32083
24172
15527
22356
31073
18031
26966
14176
27189
30538
10753
25573
24651
19542
1583
14757
11117
25607
14610
856
13957
23666
3071
14926
21936
14604
13601
14933
14995
21941
3693
27869
754
2805
14552
12122
5502
26501
32712
30954
16623
8977
4297
824
20819
11836
23426
31392
4006
997
11751
31124
24482
8104
24752
21310
28632
15784
10249
29030
12288
18316
23691
18839
398
4808
20587
11645
22150
21534
1265
31378
12944
27748
21548
27898
16975
29319
25317
6570
31983
7888
28369
21456
1021
31590
19722
367
13692
32277
11456
9034
9269
28493
29228
5124
27214
17006
15814
17029
2590
17218
29624
27552
20800
15563
22418
5874
29158
32064
4159
23309
18032
23378
10296
11478
29502
8371
24055
15915
23234
32217
22703
12233
6105
27392
5434
6765
29275
6766
8019
13114
496
24570
27397
3931
29478
12751
25187
19177
8897
9838
31610
5903
851
5106
27268
29548
268
13464
17503
5816
22482
29822
9533
19115
3988
19627
12188
16154
4828
20304
30585
6244
5028
18765
11712
15628
12907
7415
8200
9895
7048
14873
24701
14841
3773
22329
10781
27227
1295
20508
21800
11359
26837
19852
28625
31671
5136
6744
20282
30803
2298
18845
11423
24266
6370
4676
8914
24571
27958
972
8167
7156
9954
30793
7984
17427
2008
26541
16236
10346
23280
71
2363
13416
3571
10377
31189
7862
12786
19982
9724
20576
21981
9692
2351
18229
28497
16870
21793
30576
17840
8149
21865
28824
4983
5383
15227
18852
20940
15320
26327
6243
25175
17953
32128
30747
2899
22783
26800
25457
31205
21974
2506
25992
16044
13461
15248
26221
30873
21307
29590
5811
8705
24218
6134
15962
13296
14426
23878
29430
5057
32322
16583
30988
32491
5811
29407
21696
26910
26229
17866
19885
143
5047
29836
27157
19600
31312
22058
9530
6755
13643
20761
25867
11344
24995
8951
29443
24309
32331
20601
31823
14558
3441
20901
23855
6229
23300
20033
15262
29563
3188
32395
13621
24216
23993
1066
9293
19632
12182
20325
16484
15959
19231
25747
7618
21189
32377
5586
20571
28461
30433
1276
13816
28747
31727
471
11154
6717
28700
6284
12798
14995
14979
25691
17872
12457
32228
31372
28281
20533
16622
425
18610
21020
27582
18666
4126
18314
16035
29681
27690
17217
9764
3767
1081
11569
4164
7623
7934
29769
9988
32426
20776
4750
5162
11426
32581
5994
12865
15771
14048
11334
20193
11102
8941
18267
25136
15624
8040
196
24489
9402
12344
15832
1052
9619
24409
9912
17654
21979
17978
6692
17603
20865
18020
5011
28913
28872
13661
14210
11479
22333
32716
31244
11766
28396
2013
5051
28030
9171
17127
14494
21268
29591
23117
17819
31954
9590
21410
22535
18575
15997
1040
884
609
1531
21242
6602
23649
11829
4064
14746
5038
30043
24451
5806
26293
21179
1098
12517
16559
1077
1509
27966
15978
4079
31792
17714
28749
3658
346
71
32151
20500
3910
11234
3303
13567
19505
17756
5633
18001
2710
19033
207
27102
78
9045
13734
16691
30972
7296
715
2325
1960
24780
31542
3370
31658
11076
12949
1013
7370
8863
31380
26376
29349
4885
1372
7028
6995
31345
4441
32389
30022
6760
577
10924
8309
1321
2898
2237
6842
22581
20187
346
31609
6513
5885
25263
4739
27257
2995
20065
28218
1592
2576
17344
3317
15542
200
6724
15782
24880
30194
55
29626
24174
6668
20911
4672
25937
3136
23487
29262
27052
13285
24558
10400
24916
21321
27624
20099
31099
14254
22900
20977
13881
10898
2726
4350
12396
2100
13910
17523
26050
8019
22737
32184
20244
15929
7373
15351
12534
4344
20643
23678
23180
13556
15288
27237
18079
9633
26684
4465
21231
26254
13592
14393
459
3747
17441
1415
31200
6311
6290
21761
14415
7428
31161
24329
10498
22735
28144
6113
6463
9731
25039
2579
14461
18701
20384
12304
7031
14222
31507
4375
30080
15452
5428
9560
31766
7370
23705
17754
10425
9001
3552
10394
19710
12942
14425
14197
11487
18390
19199
13383
4949
3048
28077
32725
5417
23354
31374
31976
30214
26263
11222
22331
25556
20767
20911
12695
31809
28559
9334
32573
20640
3266
1832
3204
23543
22392
19991
31427
8019
23895
24034
13169
22623
14127
13987
5771
1589
19074
16234
26678
12404
17476
26091
16806
9363
12511
26227
2366
7541
21882
20513
13817
2365
11899
6482
25096
24931
14154
22621
28861
18696
24408
29825
19367
25990
20577
25371
31487
9548
27118
17692
7490
26857
5661
30907
544
16998
23460
29543
27797
16089
20756
30720
16470
28215
21851
32070
7790
7530
12685
22674
13609
30371
2020
196
18225
31730
13317
32124
11767
4116
132
22157
23380
396
21931
6062
7793
19445
17783
15475
12260
918
6372
6268
18715
7991
17002
4077
19198
5171
22984
13341
14288
30927
1280
6291
1110
8394
29347
29742
1084
26677
18766
25251
30132
8325
12405
23085
28768
21479
22111
10623
15218
21203
6002
4606
20242
16356
10929
21037
1280
3559
30595
13416
15482
9266
30902
30166
30048
7479
20675
6553
9878
21336
29524
31815
21418
12285
2051
15262
9654
28900
27237
18035
2952
22457
27463
10476
9473
30695
14135
26863
32187
5805
1607
1754
23278
20852
30989
30325
8341
32352
18158
9253
4556
31525
8605
23138
28797
24092
29150
7018
16443
15766
20880
17207
12398
368
26346
1455
29105
29415
1285
7452
31352
32430
13722
15579
32502
23870
4110
7256
8254
5486
427
11834
5800
3395
27441
22490
23414
7433
14221
15610
5559
22690
20456
29620
20076
799
4323
13488
12266
24717
9505
23450
21631
23057
26887
19411
26712
10296
15295
3431
8866
30600
24963
13888
23024
15195
23320
29593
14301
8941
22168
18357
20466
25779
7541
20432
7626
21486
9147
9814
11891
29825
7317
13651
31000
255
14355
3370
10973
5897
28202
5003
27147
32215
31485
7839
21613
15124
28762
20613
15610
27119
136
18178
27827
2159
26176
29556
27343
12038
3577
12040
4118
26218
25705
24365
27019
4000
28232
15945
11853
4697
3415
7338
19647
17794
5793
11711
21223
17943
7680
13704
13844
12344
6884
10827
15812
28286
19024
7817
5572
5007
29221
1840
19353
29168
27043
12818
15135
26139
2861
150
11888
1746
29516
15021
13575
12210
12535
3592
30246
6667
19218
3465
628
30703
16180
17655
26859
17801
23981
13557
4849
17584
9928
19253
11205
22204
3405
10985
5917
10393
16970
22906
15118
25882
28179
9085
8491
24975
31368
19939
13041
30873
21142
26479
5475
1853
15105
20078
26609
16440
10336
16034
27294
18834
13929
31615
20322
22646
9326
27290
15053
16193
31528
12894
14318
8665
16308
12544
9075
17472
22491
24502
21009
10089
918
30244
30247
26698
4049
25111
2206
5426
9840
26486
14611
27997
24464
31862
10552
16070
30735
13836
30583
22076
20814
22696
23769
13752
7733
24864
25127
1262
24952
6634
28751
28706
8473
4239
16392
26941
29487
32604
27833
32544
18405
32603
11927
16184
5317
5762
14
21842
17719
30249
12899
23985
5188
32194
13719
7518
13216
21956
6030
5312
25576
14056
32369
8300
25128
12696
8784
7230
20128
2468
2572
15529
28872
31288
3956
4683
31889
30219
28334
27589
15598
14296
25817
2505
18323
14098
8688
22901
7676
21716
4593
10463
24498
21783
16703
2545
29130
30759
24645
22391
16302
18520
10845
4214
31008
28660
13296
32191
29051
11129
25566
21957
1084
11265
7200
21164
8898
32258
21932
28322
28498
18487
13208
14962
2398
30430
20867
598
28423
10020
20785
13581
6112
26334
27509
16686
11509
7289
2132
23740
524
11060
8807
27386
13354
10124
31105
29825
4441
12280
22674
25999
11689
15831
29387
1698
18805
679
7171
25414
27879
9591
24666
4907
23742
29855
16156
6522
19535
24494
3304
20073
28874
19876
16657
1806
22975
9058
12868
28528
13025
3678
1643
19172
21257
26523
22994
3735
15486
17113
24968
2663
29299
32265
3337
5111
18385
25859
27417
26626
2871
15739
22003
13807
13375
20273
10915
2470
30212
15465
4017
1955
23265
16027
3839
12104
19835
7019
1780
6008
13057
26075
14042
22881
31410
24512
27269
7577
18080
3955
2358
32621
4532
24008
3007
14966
30451
20548
7655
22125
32255
13194
28431
17727
4321
18967
30230
10084
32517
21295
11387
10861
12678
32279
1217
13789
29869
7557
8216
23098
31412
12117
1849
13924
31695
3197
27282
18213
5997
21827
11683
21768
23226
28078
16808
29807
4201
7738
4984
19424
15794
11471
4269
5280
28822
500
2053
2435
17258
11841
26888
14338
14739
25618
9963
26510
22927
14723
17077
2852
10293
18072
16544
28962
26941
29627
3266
9561
18690
3180
4844
14691
21383
27188
3539
26422
23736
19418
20845
16890
15859
11482
5278
26904
3271
12563
32276
29076
12028
30912
30832
31132
28627
28841
4518
6753
31374
29339
27046
11301
24115
18965
29756
4245
32398
28996
4660
30554
5749
6705
17859
20715
12112
22586
1570
25509
12760
32191
30332
14109
29726
541
1034
18869
26831
992
12157
17517
21431
15156
1436
8444
10117
28829
2862
30240
28878
19432
8218
24114
29268
3938
7629
11261
22151
4935
13532
25040
6732
5501
19946
7890
5374
12674
29133
30358
16818
5284
31980
26351
11712
17008
8683
24582
12415
32108
32651
4777
20559
10249
19915
30950
30941
12755
26196
19673
26274
25835
11283
25026
27565
10167
5672
4954
29091
1752
25087
16232
23812
7004
12476
32143
13743
8501
5085
2410
14505
20970
19738
4827
14106
22413
17808
26783
26264
27629
31
12582
1704
30732
2833
9634
32642
18388
13564
863
24085
9733
2281
10066
20811
29810
21941
2036
3214
5229
17592
337
13195
13184
17317
10075
13110
20574
17841
4741
11278
3096
8184
23181
20898
7060
1308
13209
25428
27964
25647
24966
8797
22259
11987
30077
26897
24653
19103
2503
18276
31999
12741
28642
18606
19348
1778
1236
18091
11362
8310
8127
28102
17597
20133
20150
22167
17002
24957
21967
22698
29526
12681
9337
31362
1416
12292
13584
8925
853
16962
2735
28474
24531
27724
16710
21401
10128
3787
25580
26498
10627
15399
32118
1096
11330
26863
5960
6287
886
31612
6763
21772
6540
32465
18144
5772
16814
31942
13620
12600
26098
17254
5717
279
26065
6549
9636
25556
14554
9974
331
32706
10663
4875
23761
31773
15633
8094
16876
3731
6560
16992
21398
514
837
465
18274
6788
16204
6495
2321
31401
29836
10450
15456
28163
23521
29415
4389
15592
21724
28475
7578
28019
12984
13163
13049
5580
21904
30586
24649
9129
25552
14707
6007
15637
14314
17487
10408
7793
22090
7704
1998
6584
32651
8527
4217
6919
13035
17804
15345
22108
13564
23396
32129
669
28317
16271
14613
17885
14377
18762
2056
14044
25838
30715
16439
6092
8929
9236
29018
11867
655
14137
19604
23789
15191
12197
10824
24873
32727
29386
8751
23480
30372
13111
27047
1353
11070
28095
27726
13529
2883
16856
21200
6961
17378
10561
27645
22448
5011
21224
11295
19018
25605
9482
13962
18129
16472
10908
9588
3443
31629
28650
1031
11397
6971
4734
11957
12159
23171
2115
3532
16199
22853
25066
24138
6066
19348
3213
31986
30280
15720
22162
26527
26183
16019
15315
26841
3563
2807
15611
8614
24813
757
17971
26018
23625
2089
26879
7506
12101
4692
28002
8886
30127
4249
32329
19485
26470
27373
29991
6461
8476
14281
2268
13955
27225
31265
25563
19112
7363
31642
25996
17029
4254
5880
4847
3880
12943
1749
31363
2599
9893
3225
3942
29748
7321
934
16317
16882
14677
13523
19030
11016
14772
32284
6028
12147
12937
8856
6507
1824
4578
22187
30485
12218
17806
23676
1892
3265
10972
17577
24273
19932
11174
10042
29845
3952
11406
26836
8974
26993
12424
24623
1891
24696
21913
28618
1131
27926
3806
26590
27851
3433
16335
17552
6239
5356
7365
7274
26844
11923
29882
21260
435
17688
18512
25631
14136
17807
21013
23179
30979
28737
25606
18410
15254
11191
15954
20540
9537
3605
17248
7644
579
4266
11538
20915
17458
8644
10060
17323
4253
2249
29616
10086
8943
20611
31404
26929
1430
11196
28087
22323
26213
2059
24279
27370
2615
17133
29031
18137
9174
13591
2071
15482
4635
2059
5172
28282
18774
2538
27178
25381
27631
29577
16199
6944
22094
21702
13505
86
8697
6941
5115
16692
25596
26230
8196
27673
10894
8257
8288
24328
32241
2245
2316
24481
26778
11957
25532
28495
19090
1285
24167
12226
31772
2811
8965
27552
920
14985
23704
6007
25255
12506
3433
24311
16016
17707
6804
4702
26595
476
12486
2099
1372
13255
26182
18231
26121
976
15922
3225
16047
20157
28940
617
22123
12105
7797
14927
26261
28275
19511
16509
12777
19996
22153
23266
5865
25041
13711
18592
8573
27110
15393
5569
24541
25796
13261
22309
32432
19075
31263
25279
28790
9916
799
22530
9251
1176
25884
3221
3852
24877
20904
12622
3591
6155
8164
17246
25038
32273
19454
7625
19109
7814
4087
16154
1853
20069
31146
5972
15063
2551
8714
29227
32428
20647
27051
20852
8845
29459
24196
19419
24775
1887
12019
17364
2377
30670
19969
2772
26633
24467
11496
17600
27299
10724
11730
8102
18755
10065
13284
13227
14022
3412
29819
8004
23580
5161
28085
13225
8945
9951
9780
17799
5004
22960
6686
30197
18935
6798
31080
1962
18016
20478
6997
5229
7359
23081
19257
14028
18361
10800
21123
31761
8900
25537
25594
12914
20365
15592
19527
26504
2711
4135
2996
11011
13092
21704
15667
27035
2648
29042
28322
29770
28060
7419
20045
1976
4161
16765
20917
26615
30821
5548
14736
25712
17179
24678
5904
22557
29638
6796
13928
31225
21190
25361
4749
4533
8023
31056
13881
25773
6325
12707
11830
28442
8837
6193
28889
15753
2160
13831
24269
31372
9489
11371
16657
1199
28689
6764
26692
8365
14224
190
20769
7140
2247
6085
29254
29447
3052
19440
5945
20755
22358
21576
27820
31364
32226
5961
8704
30920
23701
20976
17417
6644
27523
13589
13585
6326
5615
27899
26143
138
23987
18214
13689
8753
19939
27244
5735
11360
173
21839
26170
15541
15491
5770
4749
31982
27773
29674
29899
8285
30712
29535
1777
21911
15748
31315
21909
109
13565
30522
21288
20509
31991
18795
28792
1481
22367
23342
7800
32551
22880
8726
7492
22907
21124
31121
15456
16578
12060
3005
28736
16176
23009
15485
24846
8413
24795
19149
22183
16316
24962
7250
9703
19404
36
26421
806
25490
28294
11826
24066
4294
17870
17132
10847
32077
14240
17028
15021
29799
23176
16489
3946
1066
5528
4978
16359
21295
28498
31018
24654
32395
17352
875
2276
5120
9729
1070
25228
31861
28831
27553
23693
27300
18879
19578
28564
8723
7713
31371
4605
10821
22409
30615
16718
16945
21092
8805
17668
10227
22191
23570
3731
2242
6165
6059
23208
11554
343
2044
30641
13658
20209
24482
21919
31273
15611
22376
17130
26037
19533
28368
31446
22724
25318
6895
26870
28718
19343
22398
17902
16019
22715
20015
29052
20041
11954
2109
11706
32664
30958
24135
8093
5930
3781
6750
14530
4285
19273
93
28266
2587
7277
12408
25027
23116
3433
6168
23913
10506
20575
25831
19500
6773
2878
11814
3348
25352
27623
18503
18594
22476
18318
30392
11097
20171
18787
28669
10621
25544
29810
26625
12315
29997
31944
5294
26441
27973
15320
24763
27055
11179
17437
16581
5446
8963
22528
24226
22880
32487
18427
3826
9705
26148
31743
17654
24556
11559
11283
30886
32600
3250
3135
13053
14853
12500
28584
13464
24562
13335
9980
27263
19665
23291
7696
9539
4805
9123
31944
17993
17002
32207
20280
22373
29718
16138
30984
16554
30302
10021
30749
4225
17884
2275
14965
2553
12848
27382
2899
27998
21573
13610
23453
12045
14806
15841
27010
4230
27184
19391
2911
20419
10297
24486
8676
24777
5553
23269
30067
25980
7096
21932
712
22455
15504
14788
31455
6556
12965
30076
31250
24617
202
23271
14979
11276
22470
32580
17849
17593
29967
11966
27022
27065
24277
18518
29768
11845
8514
5661
31750
13075
28929
30118
13662
12912
22269
25787
7492
4751
18795
17999
31277
29217
22026
29620
30837
25381
16809
28174
26110
18434
16619
17416
20763
1747
11847
32709
3756
1794
24914
12570
27530
11544
2881
26618
3365
18643
15529
13105
17771
10618
30858
30549
24044
19565
30860
12794
7740
23040
1672
32038
4505
25737
3914
26373
20430
7608
21142
29149
19799
30247
21608
20547
30406
23346
29568
12688
7014
1801
18718
12943
27421
5891
13835
18040
2967
23606
16600
11298
2208
6724
10602
17268
9170
10359
21943
22301
18289
10513
31690
11908
8339
19165
11533
31746
9348
18698
9927
31568
1384
7481
3044
21563
23074
6101
27637
5535
32117
21155
15223
23698
26729
12698
8536
31712
3057
26100
15799
14264
28106
10117
19948
27044
3238
6220
20936
8382
20362
1608
5661
4642
1141
32652
18561
28063
12866
27798
30800
27314
16847
9437
10480
8628
16991
12713
22873
1362
19773
13095
9428
4158
19619
7101
24834
31524
10713
13723
23841
3808
9889
9875
9867
26350
26067
26154
30335
14369
26437
23023
11556
28568
31469
3083
32203
15855
28490
12314
12405
25266
32511
27193
7317
19479
16834
3168
16663
24300
9332
15859
7584
31438
11409
16787
12568
3740
2763
19770
16742
20779
16626
10375
20602
29243
24343
1366
25233
22442
7153
18068
31156
15080
19584
10578
27266
15019
32495
1047
28208
13540
15551
4219
5582
31985
14370
29425
716
16916
26789
29925
2236
14884
23314
9479
7257
25730
14485
20966
13257
31055
18717
4800
31775
22748
29957
21144
2084
3938
2548
4490
23639
16628
18178
20572
31794
4529
29724
23125
23727
24126
2217
24914
24587
22644
9581
8214
16074
23637
26030
30434
507
4421
19350
13893
29373
11127
19417
3126
8962
24997
15512
18272
29587
27396
11140
25789
15189
6519
24390
7014
29642
25602
2079
23210
3802
30082
25547
28253
22996
5020
22700
15730
4528
29172
19492
22221
3223
17823
14403
16466
7333
11482
17570
15426
4077
16124
26254
30919
29117
22697
19561
24013
28964
30793
6222
27924
4274
16056
11764
26755
895
26687
6101
12992
23406
20932
18319
7677
27827
24125
13706
7445
2707
20587
9179
2775
363
27844
2152
31649
29172
30641
25165
19762
29125
25593
32383
26809
5402
17789
28591
27441
17875
23591
15730
10225
3008
19229
3742
14719
10779
20538
21239
5286
13910
4030
12299
20936
3096
18500
13658
8309
17026
757
7098
6459
1718
5116
5114
25024
32666
32569
26822
22287
7897
5434
30666
12848
811
23655
17947
23291
20439
6780
13266
23853
7542
4669
4858
13244
26617
18789
9644
24168
7661
27359
18296
30099
13566
6456
17927
12370
26554
17749
11519
4292
152
23905
2343
10915
22073
26634
26316
14360
23789
24557
3939
28884
29049
25422
19055
22364
16664
3085
9637
28836
29375
981
2126
6624
30117
10391
5614
28823
6403
21815
9251
249
20760
8837
18383
11890
19825
13422
15737
2687
17511
26484
12529
3521
6121
29275
10291
26448
14204
20517
5518
22097
25471
1601
21766
16843
13748
6912
6390
694
4860
20552
2554
5205
27234
30348
7691
7878
25947
27643
27372
4056
27980
7160
30662
13852
10829
4811
21007
4671
24365
31126
27055
21142
18102
3722
30822
11515
22066
27994
30824
2776
2350
15344
28235
15233
6781
3936
2595
8391
20096
7450
25580
2506
12965
3171
22312
12302
30254
31750
16840
2769
16436
4166
10832
27804
9963
7448
4407
7961
11303
16527
29068
28964
25375
408
13536
27428
9073
18151
7775
7580
28007
14897
28992
15869
25465
27548
22112
1471
32019
18804
17705
1967
22168
16415
29625
28555
17062
5715
4672
24524
156
22918
21930
25027
15449
28326
5503
7143
15175
6923
263
17006
23193
6570
12209
30234
17104
4235
4277
1366
29828
31357
32249
17281
4705
22792
30258
27274
3184
17059
16971
15037
4247
8487
2570
19676
25700
13444
7153
19058
3078
11698
27746
100
25244
30187
4103
32713
1971
30232
13681
16635
17929
29321
25087
31982
22423
20200
30210
12481
10959
20080
15390
32659
3363
9306
2036
26264
24262
26776
10237
30572
13238
17606
11961
3239
1530
27998
22282
11441
23848
15147
2010
3800
3883
30976
15108
30367
32323
14761
19314
22873
30797
18978
28291
503
6981
5127
23727
10015
25353
1100
28013
10110
17504
18990
10836
24670
31034
617
7553
21115
25146
8876
24378
2322
8561
14666
9936
30524
21101
21810
25290
16250
882
10785
7231
6545
21511
17686
10628
19096
23732
25863
29704
25423
17419
19410
21883
14514
9445
7030
20534
19150
10734
4995
9943
3540
612
17103
5931
18796
5147
363
15442
587
3781
18133
23581
8712
17520
12399
9147
20779
27472
19504
6037
14216
11455
31642
14966
5835
9602
748
12271
29523
15182
6296
24058
16196
27530
2295
20957
15319
30551
16956
27729
1269
4302
23719
6372
31493
28040
29435
5276
32514
25188
24369
2013
13520
27780
12142
30604
16336
19353
26419
20853
11698
4449
24787
6122
906
19054
25387
28845
8486
9256
16269
6929
28319
13333
3069
4443
2095
17496
19872
22894
23618
18808
10097
18600
28624
25955
24886
16135
15593
7091
23219
7568
24466
6959
16157
31729
1231
16533
3281
24933
20481
13975
17734
1240
10866
22307
22848
22604
12591
12775
9543
25467
13590
23573
4696
12733
303
28003
11994
22317
23360
20055
21459
20743
29339
15297
10844
17749
12603
9097
9555
26059
8975
16042
17231
31215
26518
3199
11481
21629
25004
4926
729
14345
6564
2498
29006
28390
1430
20109
23106
6727
11258
20493
11518
31908
21622
18974
15738
17247
15093
31953
12311
5032
30969
16491
19856
24222
6450
6833
21294
16566
2383
14691
4924
28769
24084
30215
31163
32745
7597
18151
18775
30364
1090
16733
9369
1325
30411
4430
14173
22871
6182
2549
5255
21699
13414
13282
7154
11052
30319
31810
31913
11201
7104
26976
10074
14795
6799
30828
17671
14479
28187
2172
1535
28278
32062
30416
23821
9067
20289
20570
31471
32389
757
15485
7689
26342
15359
1302
2651
27619
31348
24505
15793
30821
4262
23613
13337
21902
11069
7290
20634
16544
8073
14673
15907
6171
29718
30957
23746
25638
22401
14921
3862
15920
31115
14834
31751
23511
31340
5135
6324
16649
25706
10142
3757
23913
25513
16128
21091
6388
12357
8632
32221
5092
24222
29552
17324
7636
2547
1084
3616
10278
3379
30243
7868
14242
15887
23516
16872
6495
24148
13525
27366
24295
14200
27258
19463
26006
5234
12979
16159
27971
3535
31662
4662
547
23555
17632
3200
15849
9213
2374
16272
9266
29182
7921
30920
7713
22186
12225
26388
22854
23136
12145
18648
3525
15047
29395
13862
28596
9897
19549
23349
20420
27653
20965
14094
12068
19551
12201
12937
19106
27483
11410
9080
24852
2954
17338
4130
14582
3460
30507
18163
10580
25911
16362
7793
10731
31102
16180
29042
11915
8694
5383
11148
20927
14093
32740
31182
4784
26715
10708
29613
10823
19766
18089
20545
15250
25472
26502
31666
25449
28868
10145
8429
27473
31105
5704
31643
9120
17094
546
1619
10466
4607
2488
22798
6268
7951
5427
19420
30863
27807
7527
12758
22303
31413
25617
16468
25717
1928
349
30304
3265
21139
27308
6250
21764
5608
22163
5181
32557
10695
8743
24881
14722
1647
7032
12450
23874
6196
21851
674
137
6610
26733
29419
24435
26881
17748
21015
24708
2377
31816
24340
14408
18712
7635
13522
28726
15634
6356
16446
21722
1448
14794
21108
3892
4844
12111
9008
27995
23203
14307
22406
7781
13468
23787
24788
25995
20801
24313
18420
2185
32364
14158
14518
32068
11900
21150
24973
6831
30119
26899
31624
20719
29074
6036
3716
11454
20254
7750
17825
10765
25221
26707
26610
6637
1447
16619
18809
8111
12446
22921
18514
2378
152
1400
10798
1790
8422
20117
28163
1591
19024
18262
26114
13236
19628
15883
11722
26856
22191
13668
20699
2209
28674
17972
13645
3815
22936
20084
7874
22567
18496
4491
23961
25489
11638
11725
32356
5310
639
2881
3484
14486
18869
10151
17300
20849
14879
25529
11436
28284
18756
13746
8647
4703
1857
25869
9471
27932
282
13199
30359
27962
7502
6023
30256
27684
9902
27477
9280
31180
31086
13865
22465
2963
1661
29197
31782
4717
8466
29478
27539
15424
19080
21558
14669
25742
28779
3174
112
30804
20691
4675
2784
20786
30960
12294
25729
19403
4583
27928
11947
7535
28636
12501
18392
11512
5968
657
7072
29425
11438
2776
12008
9470
544
14842
15446
12407
14247
14279
29960
18519
8555
152
14725
2645
26704
21391
24307
32592
6345
22047
21643
31472
5105
4302
15691
7819
5848
10553
20970
837
19482
32089
7953
20348
7095
1030
29640
15203
11550
5817
5167
18668
20363
2198
1134
13036
15507
11946
32750
22394
26878
15729
28874
8599
22484
8091
31616
13845
9146
10767
29421
26545
12927
20785
18552
13955
18163
17248
19597
24216
25848
3267
21325
14813
15323
10310
4483
31038
2788
8671
17882
30992
13355
11798
590
13484
29102
23236
10721
7517
24737
15643
30351
22653
22277
16614
7043
10458
14204
32018
22411
1887
14172
12654
3018
12016
19202
20911
10925
8085
11369
16823
4896
23771
12283
10007
11265
27511
23462
29650
21460
21037
29747
3684
30905
8688
29907
15106
27804
18763
9467
10788
18860
14079
16498
20545
31502
4078
26025
27353
15826
31799
15946
22201
11814
20387
5651
7035
13513
4416
21477
20556
26819
9803
2328
15858
14676
9299
2834
25101
29738
3740
19224
14236
31702
706
24675
26820
17025
6302
30839
19917
23771
31085
8624
23918
16725
29231
9246
29258
1936
1358
23699
2490
15381
16256
19961
24525
7238
21486
23785
3213
20117
17302
27002
1668
27379
5102
15191
11903
26507
22730
29717
18578
15793
5503
31683
1628
23317
14665
7106
1676
13117
15082
15319
28068
1330
6036
30078
31742
10617
14601
29057
17676
31812
1793
17354
27619
14314
10188
14709
2299
21397
13368
19754
7472
14906
25269
13738
13837
28111
28087
17063
10058
27320
14684
31705
32147
24450
31823
13902
3724
3283
28652
5122
18961
24993
19365
8623
12482
10147
4004
1766
5055
21509
25265
31839
432
20576
1879
31886
1289
20457
11330
25206
6028
1257
7148
27330
28431
19053
3961
19218
1919
5694
10463
21395
3621
18195
22601
20178
4648
8966
12478
5074
7763
6725
28669
32348
8217
8714
15788
16790
16342
15309
26034
18647
3672
31928
4578
6842
11166
10587
18137
29297
19167
14753
10281
860
14287
22786
18359
6874
16669
14075
1121
5216
11328
15291
15332
21448
5747
29984
21501
14827
26366
20449
24271
18289
14008
28941
24197
25064
20682
17332
27704
28436
12469
3811
17939
14982
8599
10198
2229
22896
25258
5226
6102
184
29965
12753
31278
331
30407
13193
11410
24244
12041
3727
12385
13293
12211
9424
22814
23157
12314
17632
7518
1954
1288
20974
28389
21561
23045
10232
24076
25148
4053
4155
3174
5379
25666
23022
12962
3982
18204
27439
15795
27930
125
24126
18223
26610
3153
32489
27893
25224
20246
15431
19475
1732
2017
25257
8935
28572
9122
12750
24196
4325
21928
9046
5974
20841
6504
30073
16650
2873
378
19961
4520
26181
30692
2389
25602
16681
21403
2624
6482
7242
26439
7505
15903
15138
27975
17660
30304
28632
29941
449
29924
17684
13611
27299
497
31249
26630
10716
21804
1268
5097
12751
18104
3932
26053
15934
7074
8506
152
30141
29053
28131
26164
16231
3401
30563
23874
8399
4506
31764
30854
14394
24566
25200
9061
9995
10622
5924
22436
126
29392
4453
24690
4249
3885
29063
20137
3936
22231
28108
593
5193
7357
378
28006
24047
10074
4656
29658
16906
12507
32633
3294
22943
12928
20642
2398
15732
32580
29897
9162
26311
29120
18743
15644
2111
12621
23024
27415
29475
21097
4231
15308
23754
22108
17719
21091
6227
19995
26160
16664
6294
9324
10543
17540
20057
21323
31569
17438
14024
2188
9001
15361
11807
32195
18704
29680
23210
1889
22972
10135
17391
7967
30485
1043
27178
28064
27459
7861
29177
5969
21004
18691
14425
20629
27741
26112
25297
32031
21030
9390
16365
24222
30315
17360
3054
5792
12697
17140
28096
32688
17942
9393
16428
8642
4891
9774
31567
17874
27078
4067
21067
27847
14443
932
22844
11677
44
27611
18286
16067
18633
28693
10701
11970
1721
4800
6556
4128
10105
23602
19306
7300
14372
14062
2626
4890
23108
24867
29475
22073
31463
6006
1199
3140
32758
23809
22311
18382
24515
1180
4247
31489
22241
24411
26958
14912
12344
13400
21649
4619
21336
26034
8593
29731
3342
26325
10394
32751
17973
26620
22668
10783
7375
23285
14479
1935
4949
13604
12803
16238
19019
4811
14006
26783
30742
8073
5978
22111
4882
26656
7734
6185
25056
31099
16923
12502
26109
28911
1434
18697
21657
25025
22132
24778
4518
13288
338
17521
24879
24597
3510
18630
17131
11505
5682
4710
11282
20901
28888
27753
4975
8608
15345
29249
951
9620
8946
4325
10265
17858
28587
9008
1814
27000
15298
11651
24467
12248
22112
31922
23596
9690
12842
11294
4300
7573
28531
22302
30330
2746
22191
31140
22902
2145
22315
17437
28037
27656
24060
26264
31881
2520
6454
5931
25428
3627
31582
22418
20670
4172
4897
15898
31477
17021
2885
17854
16149
25407
26337
27023
24313
21453
19913
3929
20816
30698
32077
1411
22515
17116
12579
6199
20598
5561
6305
451
29436
21217
11311
14911
29520
19148
30461
27248
14386
26118
10481
1517
7407
12407
1252
20608
28981
10728
32525
21199
11044
32707
8125
572
32680
5146
32333
8201
21767
30187
26709
5056
17334
11939
2335
17618
6513
2272
9564
14206
4746
13435
16149
28916
15746
27590
13796
26299
15574
32274
14179
32080
23323
25461
5093
23056
9549
15818
19300
3159
32613
27384
26299
20970
26409
3192
28949
31378
22856
10257
9638
12042
3238
17894
9625
7963
30709
12211
19017
23302
21893
13652
26547
23586
6493
6791
4908
198
3466
4594
16975
32617
2231
26984
22074
5384
29438
19304
26362
29385
3326
14822
25411
11997
11566
9806
22628
15530
26480
19143
30331
12330
21226
10421
9445
20622
25105
20609
15097
15912
262
22172
12534
12167
28198
6593
23865
2532
221
15995
4532
22717
21178
1000
11675
26815
32457
21948
30560
2537
27421
16264
21218
15599
20652
9533
10210
20444
30048
25836
3254
11772
19562
17871
2369
26361
28890
22669
1570
12612
11884
11450
15404
27574
3237
32669
14358
25208
4127
18487
18036
23328
9762
17536
23526
11292
28275
27636
19856
25428
22385
27470
28106
16395
16477
3476
24856
1030
5626
13907
16220
24561
7510
20780
21834
32510
24807
23183
6685
30159
29657
26055
11656
6294
32679
17463
29168
31867
20457
12771
5848
10302
20589
11058
10141
14365
12680
20466
29283
30968
9902
30620
23375
16051
29505
23257
28663
31196
14759
30278
20246
20621
16543
2676
14469
16020
8917
23860
22886
210
7348
8209
10402
20449
27771
8221
26519
11770
30867
8945
6922
19477
12320
5359
4195
19025
22998
27850
17177
22423
17677
26697
13931
29818
4376
1607
5969
23906
32467
25087
15026
24554
124
21382
19415
8070
31684
31129
16160
3433
29221
4249
23797
6054
885
15060
30976
21397
32444
7686
10649
10104
30019
31264
4994
14174
1005
7495
7637
6472
18122
22816
8762
5259
10986
23883
27997
28789
4719
6957
9120
5683
32486
5875
24077
2546
13784
18899
5006
32581
5019
31125
8800
3271
110
10579
3525
17153
15302
1917
17401
10894
29154
32031
104
28028
20389
16999
7710
12278
2213
7266
28287
23584
896
10246
26680
25923
8303
22133
17013
17962
19997
32384
20565
16076
24761
10090
12442
5419
24393
28911
9638
23931
15170
15493
10659
3463
9814
31714
4865
24401
31374
18622
23845
18168
26776
10714
26975
32735
24674
10561
19485
29964
26600
8142
31327
2254
21578
23022
27499
32675
6433
31143
706
4696
8723
14810
22098
27506
27301
30405
9453
5069
18513
8139
4346
4739
6873
30328
29547
17423
22234
16064
23279
11443
7844
17543
2920
18967
23881
23143
4511
10290
6132
13741
16182
15725
27004
19364
8927
20998
23609
5143
20684
30387
5655
21777
3943
20105
2792
23527
15426
12315
10495
18296
32081
25062
13306
18356
4695
30189
16863
30299
23198
2208
3691
11527
25323
26370
6310
31853
4017
24587
16059
10464
14213
17739
19463
20503
16850
24273
11632
7215
7630
22091
16376
10227
9644
23919
28049
30812
16916
5017
3124
12116
25040
28341
13101
23487
6600
11103
31417
2748
304
2121
22994
32296
7680
20701
5706
11365
30116
31524
31511
27993
5621
23783
18670
30905
10857
15380
5395
6535
29062
15970
2671
15065
9885
31800
16611
12765
13236
15052
7900
26906
16324
4488
31015
20728
27941
32433
25863
14723
23622
12106
28805
31084
18081
32310
13576
1616
17902
28318
30757
25149
7063
9618
20152
627
3181
9971
30260
4967
9369
22928
22583
15886
30677
5775
27746
21079
12764
18447
27751
31482
2846
23307
3683
24176
30137
2177
14703
20802
5797
14804
26737
32135
24366
3184
12089
9128
23208
14508
5577
22631
1118
24564
15859
25632
14795
1575
1834
10062
7437
14910
9362
10320
31638
12847
22873
11886
3365
24080
20298
3607
7924
13952
15263
2668
32563
19011
17943
28675
15542
20268
26185
19684
3819
14912
11064
27096
31246
8984
8487
26852
928
30343
18863
11536
2837
15485
23054
28524
6861
29995
13250
9557
17733
20840
19287
7157
25231
19028
29053
27913
16895
23611
12893
12519
9256
26812
16173
4543
4358
1066
5634
9249
24189
12850
23526
10431
31490
21950
7467
7029
20633
22554
26623
13190
21503
19285
30016
14633
5160
3051
21393
21572
24044
9632
18605
14455
18429
32687
23803
21084
15132
5156
17763
23053
19084
13959
8033
28391
28871
11706
13143
8334
1137
9508
12584
2353
31114
14608
6914
23824
17127
8783
21115
4923
26595
17701
31712
2972
8786
10083
11209
22071
6326
4560
4849
32689
2230
24781
7237
1807
30155
18489
12603
24769
12349
3731
6245
10975
18510
862
8774
30386
16820
13514
6244
19318
6989
10384
8862
18014
32527
7198
5824
31705
11838
4084
26197
32276
32225
8782
7869
11456
30582
32003
12159
12821
29157
23213
27360
20759
14003
26378
29876
26904
1912
32418
4980
21118
6035
4522
6033
30918
19996
11817
19720
21961
25626
30041
11063
12862
13046
80
14062
20353
18224
30687
19146
24211
2897
25531
14782
26721
7969
29914
32755
2889
12057
20256
30162
12762
24603
5691
14687
9947
9057
16844
16840
10895
1716
31943
20797
27960
21726
5148
14595
4826
6753
14487
9156
9281
25193
6148
23082
4421
16384
4504
13740
10317
30593
2444
13735
10002
23631
8203
27312
18598
14022
20302
11305
29876
18034
13574
19474
29705
13439
2810
15650
20051
2673
4849
24342
13609
278
31186
25930
8268
15288
30218
2950
32557
17302
9518
3354
9135
22422
27873
4653
18989
25652
25337
1874
25279
14270
221
4956
32697
18115
9777
8052
3445
5321
11958
9576
14163
5438
8043
14406
7677
6321
12025
31530
17136
6722
11597
31316
19768
343
3719
6781
2938
11153
7443
4715
22328
21247
5909
8900
15697
9361
15115
32
4039
6863
1966
9057
17605
28874
13080
29767
18145
16723
7468
575
6814
9836
16691
16252
32053
27900
27331
29257
24725
12487
12773
20638
26792
29852
630
31217
19928
2768
13006
17230
18642
25068
28064
2474
27529
2467
29473
32373
2942
1031
30061
8814
8512
14076
5158
25275
16686
4588
15198
3129
4484
15292
27063
2321
24982
23807
8648
7308
18006
23146
2755
4392
24604
5000
1109
3307
11687
31151
12750
32759
4191
4915
16514
24927
26076
16089
28015
11833
23212
19343
3616
24308
23121
14426
8401
18156
16522
12431
10195
4668
12244
6214
21554
21971
12591
15628
17302
26059
293
32472
21863
26102
11785
1345
23348
18617
27517
21741
10326
12317
16182
22861
17616
25891
27396
13959
18298
22872
14348
30644
7007
26282
1880
27980
13411
16762
19347
20446
30505
20722
20493
31493
22579
24985
28934
21655
30283
26148
10536
13343
13346
14992
6229
24206
5432
7533
26531
27181
25083
21373
11941
7894
22323
10621
15853
9828
25757
18499
29390
8552
16086
3849
30823
29726
18555
26633
6620
24479
5775
19274
2535
15191
5149
25529
17296
25274
2334
2683
26680
11059
2204
3202
16092
30301
2584
28254
14488
13430
12842
8790
7786
27409
3687
25784
19513
5130
18567
12909
7446
26815
5320
3536
27841
28029
24461
1473
21103
20793
32331
13044
30922
30081
26533
8079
14138
12978
14038
19701
20579
11370
32336
19420
31215
19008
11682
6822
4493
10419
3743
15854
9017
5729
7613
18273
9407
29050
16827
16079
2682
31091
9863
8577
6498
26879
16222
27598
6726
27707
13365
24809
21077
18216
15960
1277
25827
16479
14417
32124
618
9216
25867
19380
2255
29420
12855
5539
30951
4660
31215
28940
25914
3793
1945
25802
15879
18837
25615
5221
7816
8033
11517
18915
32630
24985
31626
20960
29392
13013
7738
24033
19673
7129
10770
24806
24160
27848
9982
6718
9283
16020
23409
17055
4150
10425
31563
3958
20161
32555
15871
124
11912
11404
8181
11146
3279
31907
21293
31406
27453
27402
8998
4222
4832
18982
20478
18092
26738
22108
9434
31451
21979
2434
19848
7601
27894
17044
12131
14382
10136
5545
18807
23356
26831
22565
24550
11655
9063
15663
30347
2958
18867
5734
24284
28155
27274
3279
23829
2607
8079
26130
10387
24866
12469
10727
19325
12394
4355
15307
9642
31129
6293
15607
5823
5068
8164
19090
5016
31617
24647
27686
10986
21673
15801
18001
15654
21247
24028
26045
27552
31895
12350
13905
752
31418
19419
31401
25752
27889
17892
22468
13288
29280
26047
18685
18975
23893
23119
4157
13779
17697
21621
30318
18835
27175
10967
28723
32202
8242
27360
31446
10726
13068
31496
17794
22714
31052
12885
31410
15393
2415
2337
15849
997
17706
18207
12708
7135
12031
21145
6540
5471
15887
1275
27889
16334
9263
10389
28020
13457
14909
925
5635
23089
1717
5235
30219
8889
4735
25385
19688
2400
11
3139
31137
4968
6304
26811
4818
22598
17393
30537
15081
21763
7666
27361
1173
3810
7913
636
31612
18755
2504
3611
9517
21191
5306
17673
3669
11701
32764
20833
14389
6045
3822
13521
31315
13371
5994
27293
11376
24477
6996
27367
11451
27528
8306
29485
5700
19481
14974
14355
15283
30632
31610
25699
14906
32241
15940
2386
14536
6774
32618
25605
10112
17951
14399
7251
4969
3108
28719
24781
25191
9772
30799
1019
2922
9143
1336
32489
7909
8377
6934
31970
13186
20359
32764
21628
2836
23031
10363
4565
972
24003
21106
30235
10673
2095
16935
4178
31818
5356
21911
21329
15517
13371
25099
19726
22366
7254
4076
25372
16224
18955
10456
14450
19535
13482
3061
8302
29089
31009
15494
17178
25034
16486
16060
22189
29103
25877
14030
4693
20574
7259
32332
15923
26364
9746
9136
1191
29950
18477
2102
26831
15517
6487
4077
1610
21379
24279
6158
32322
27595
439
10125
13737
10536
24357
3567
18626
22116
30745
25691
22500
3853
17464
9459
4475
12651
11257
19557
7503
11444
28166
14780
19721
32643
29669
16509
13811
31367
22999
8431
6143
7032
11776
23226
13835
5200
10953
3507
867
21175
28803
23799
19079
7103
589
2103
12591
4049
2615
12114
15757
10984
10407
29737
16594
5372
21244
28335
19187
22210
1394
10047
2989
18066
19525
2867
17607
16808
26650
4018
12695
1424
4506
30409
1991
15836
8288
27325
30041
6680
6421
25504
16361
0
26329
2851
26930
11760
17381
4779
31956
24987
5487
12199
27477
22272
16078
12832
5733
13210
12255
27025
29286
12759
12967
19450
24875
8396
15418
4912
10752
3111
17627
17527
13035
8293
27492
22098
24370
8005
26601
26778
14109
30844
4504
17102
15613
23210
31715
3242
4973
20621
28386
29947
22744
15988
16114
15025
23612
21495
18339
19510
3885
17894
3537
28926
22812
25727
19728
12640
12249
25060
29774
28836
6487
23756
21939
27997
31408
888
3532
7161
22632
25321
26089
3990
27638
13904
13763
25879
12928
19142
2146
25719
22759
19261
2110
19550
10499
2230
30373
31730
23600
4789
12892
28400
30473
13298
4489
16379
4723
10066
4816
9524
13790
6421
10685
6922
9927
18513
10850
12628
20865
23711
6209
11933
12086
17428
23660
32190
19753
11635
9962
6579
22845
29344
32605
27559
22459
1880
18658
20305
26192
16416
15673
12675
12373
1403
8998
32000
30803
18272
17430
18831
23239
17643
25862
333
11810
31827
18081
28743
9236
22300
28840
29256
4106
26254
19607
13040
30454
17509
21382
13318
19534
27594
21325
3599
87
7810
3819
7968
17315
10854
15913
7152
9176
8979
12410
14129
26036
25570
5926
21281
16462
28187
15015
29020
23967
30565
8019
21748
17472
15489
23868
2755
3701
27704
12117
19456
4715
16018
32214
28433
24510
3145
26593
23200
13886
31357
4197
12017
23027
3753
12867
6515
26719
16086
16303
1685
4866
21007
4313
9690
25380
9492
26061
29744
27342
10067
16280
16510
1818
9235
21677
24188
6060
11251
9351
31687
20353
12947
28303
19253
744
13457
4159
31333
5837
31159
3720
9627
30013
18290
20081
15819
11047
6022
16642
5364
4960
9985
1632
1200
13034
29037
19513
25352
10870
27722
27490
14732
24871
5820
2239
29348
19609
12672
15716
28961
31266
13092
2553
17943
15704
19576
6499
30959
10195
4416
5793
5560
11828
6443
6643
30142
7781
11529
28994
30302
19235
21560
18364
4632
4282
22111
28863
4070
5904
1375
23032
15564
29925
25479
26828
25521
6233
31240
18166
30573
6319
29608
25202
8995
21840
20410
9370
13521
1555
16717
9360
5669
8379
3748
22747
18323
14274
1254
3157
4516
13909
21527
6724
24721
7583
26439
13767
32272
10058
3337
16500
7534
28995
1063
29759
28126
5822
16532
25757
10001
23163
31906
6890
17414
17991
27253
21000
24612
25541
6584
5450
27270
29294
25998
18064
9110
16087
32460
20403
6365
32562
26213
803
4889
22808
27686
28622
10896
29830
1443
11332
30117
16421
4465
23833
1449
19150
23189
31371
9715
22093
28733
6501
4403
1893
9646
15140
4355
22293
20094
26967
15295
10522
2819
8268
17559
11189
14603
19688
4578
25774
23757
25047
3509
3993
5664
18406
25781
12632
30187
11692
10025
1249
18397
31344
84
9538
9310
26695
30721
6370
24261
2429
29279
8713
9163
15670
25103
30882
23615
22357
24700
20800
10236
32669
8299
21856
1305
3094
28371
28910
30559
23219
13806
6410
17408
28209
13968
28683
5509
21058
27576
27332
7177
2795
19556
23303
32165
4907
24490
872
11051
11997
22277
6211
27927
5087
8941
20993
15554
11892
13738
29846
15833
1255
26729
28750
27662
32370
13968
32714
20749
4445
17231
26437
22194
7274
23927
14621
2425
28529
30096
17294
24374
18248
14886
3008
22022
16613
20067
31236
32645
1991
20195
7002
19521
17298
6339
7224
11119
2297
1787
24710
21213
20960
6638
23789
17192
16578
15680
5457
23599
13137
8168
25756
5575
26717
21126
29118
12465
15607
8182
30194
29641
17622
21541
14402
18815
16890
25891
25165
20875
16270
12922
4680
15069
21523
20159
20035
31187
20155
1894
15533
11951
21523
7898
17947
20552
11749
27854
1093
28416
21085
22733
8785
9205
26218
25369
4693
124
16231
12210
15383
4555
10235
18357
2327
19701
27710
1255
29135
30492
28957
23442
28729
24033
23295
30352
31634
29728
1961
22949
29022
9947
24414
32274
4012
32371
16715
7526
25755
24606
3875
7832
22301
917
7175
22867
11515
28941
680
9105
12825
7017
9903
23915
25852
27310
25949
28463
19593
19127
14702
28084
23311
4650
22084
22762
648
21930
32321
10421
24092
31566
6261
7164
5351
8786
18809
32253
23036
13069
5018
21987
11690
11043
16954
13466
17406
31228
9332
5346
13448
373
23295
418
22370
3797
15701
30335
29551
24578
6676
11950
8673
2293
22180
22022
2814
19819
12826
20570
24611
17117
12124
2821
14089
20147
27270
3270
10823
21685
23949
14287
25368
10690
22563
29208
28767
7876
11994
10233
3816
14307
25995
23800
18161
25593
22777
16096
745
18502
11186
28435
887
29798
31286
30240
21694
4735
6747
5528
10464
26559
27120
27678
15296
14598
28833
8126
9229
26591
22810
640
13692
23477
1392
25916
22612
2884
17084
3247
31280
14925
24585
31951
31744
16270
11376
3676
16722
26353
8321
696
17616
17412
14053
2552
22025
2217
14402
28475
25716
13327
32351
24378
31665
11744
29321
32033
21779
8636
19253
14750
8796
12007
19686
8247
30151
16446
4689
3808
27468
8304
8127
3021
30495
7786
17844
11653
32122
22035
5838
18744
6044
28986
29935
23378
10770
29900
31135
24144
12341
28235
15787
978
24820
5499
17426
1010
4307
13919
3106
30421
30004
30563
3807
27775
11477
20443
11172
14060
12699
17068
18445
6748
6030
12617
10003
22510
15652
23266
15225
18032
20674
23512
31080
28022
20352
16755
27478
22185
24877
1495
3628
2402
13715
2100
14503
25720
18171
21822
4606
19030
9716
21469
23494
21328
12881
10789
4883
31287
25969
28296
11489
30506
4547
31050
29106
15536
15240
27190
15480
19204
28379
13968
8372
19888
14063
21322
15328
14173
6809
20346
13835
20458
16910
29452
13763
26811
10733
13748
19255
11092
1920
8743
5789
13862
16959
31115
11730
31656
9877
11052
1344
6058
13799
29808
24581
3815
14291
15629
2898
11481
28853
889
26896
29649
8560
28067
3530
21318
13419
20960
30151
6253
15321
19496
5494
19723
9534
13186
18704
30856
17966
957
26488
30532
9816
3937
31846
23598
10948
3557
28100
4242
1625
23074
4184
9778
5026
29960
28580
3993
31698
8336
19722
12972
20229
9969
6708
2434
29128
8727
29363
17781
988
22353
22758
10361
9271
31562
14878
2221
13900
29242
32255
12848
3212
24669
9514
6966
7213
7845
15129
7771
7722
26540
8009
12087
16779
20716
27039
15666
21222
25650
28165
14489
32038
27984
9044
28146
1931
20498
29046
11149
13554
31348
10956
25948
10327
18194
13517
19204
29336
25568
9200
1076
11643
4379
20172
1846
18419
19584
7294
15812
26527
15547
4684
27676
916
28962
25736
3671
7260
18851
3766
8182
13630
6907
14065
446
29376
25385
24714
29126
619
8739
12787
18894
12238
10951
20955
30674
19142
20
8091
25823
17148
4762
19153
15910
7342
29231
3658
21583
8883
18404
4646
1295
31161
11320
14646
25341
30930
11659
23977
4001
27439
6869
16616
31694
7978
26263
12990
562
26250
13842
13244
4140
27651
28856
5852
20701
509
25568
26212
3714
20119
20157
4109
15873
30954
27281
7269
26817
15250
17182
30066
26815
107
29533
152
10975
27032
6771
4028
27520
27594
7393
28074
8530
23998
1531
2484
2668
8456
7579
1692
3993
18448
1558
12469
29171
23898
30319
8004
30388
12298
25803
1324
1352
18855
13605
29899
27559
28959
16451
6943
15585
24331
18153
13869
32250
1845
9548
19107
5369
6999
23241
23740
11836
11046
14807
12388
3086
1423
21563
21661
29820
16193
30587
32289
12644
619
19860
30024
22222
3015
30191
6957
17279
30935
10898
18956
4044
19311
17812
5359
24237
18035
15059
10890
17682
2018
23017
24419
15226
1043
27739
9014
19905
17983
1044
26007
32057
6720
3602
11737
2301
920
32096
27183
4226
9653
8772
14865
17519
372
441
14305
6575
11235
16671
1487
12996
25163
31282
8698
29534
8046
2873
17879
29228
5645
14207
21719
15602
13485
11271
7748
8924
5787
15484
30316
30994
1582
27751
27394
3468
29772
6309
5825
15400
2351
21783
22610
23033
12905
21147
28784
27362
21030
24891
19274
21860
29618
25253
31017
2229
10555
16603
6738
18706
30423
15660
16942
5717
28361
11107
5544
24778
25344
27966
10455
63
20448
16930
24541
8538
25669
16140
22287
7472
19141
715
5718
28434
6198
31341
5076
15530
880
18935
18891
9288
19028
11609
25531
17782
26638
26016
18123
14290
150
1646
31082
25629
9597
14247
11830
29583
22502
16238
30237
18797
27603
26704
24002
15070
12450
6078
31266
30971
727
10433
10359
24869
11035
24297
1373
10139
11909
1415
24371
4171
29721
3867
10180
10729
25486
18704
10534
16191
24917
30631
483
29380
19414
28210
11351
14447
24061
30594
5465
8653
6901
8866
1566
12370
10035
18374
25945
8685
12983
22910
5031
27614
22670
22063
26411
22476
6044
28100
2677
30482
18584
12193
17065
24667
13656
21720
24797
27502
13647
31392
25282
24395
29524
24835
1671
18038
16548
470
22010
23955
6443
5102
27889
20531
15615
20113
32488
14318
814
299
24555
4530
18873
21314
5303
7514
9952
16556
11804
23426
16288
9728
29605
7578
26491
29002
8571
23610
28023
19203
15751
18357
14953
19264
18391
18161
9331
3881
19011
22646
7116
17069
2896
2500
5311
29300
26708
30954
21239
14869
6875
5204
31225
8842
27978
3301
1778
17633
8898
11846
6067
1331
5703
4477
8954
31194
21794
24001
1523
21215
14467
2956
2814
21938
17003
24051
19891
16670
16841
1587
8227
11643
484
9612
21857
15654
2296
8530
5442
12590
10788
32065
7520
13904
28291
12305
4965
32294
6554
9802
19590
30875
19698
26458
11853
16802
3845
4324
3228
5928
14687
7260
10479
27462
4605
8913
14049
26300
5113
4873
2546
28571
11113
3539
20615
2113
26756
23705
50
6794
28166
13877
22324
837
7894
17925
5952
29157
20198
10562
23938
28793
31579
22157
15328
10207
19951
9163
30592
13364
28563
24115
4234
7566
28248
10405
30511
18670
14991
5182
4586
30064
32559
10025
30981
6597
22904
17848
2912
13795
13270
12723
16494
27899
18440
5104
23424
31660
3201
17443
25670
24182
4367
17144
2194
15473
3770
6751
19296
27199
12015
6183
9492
6463
19934
5839
30978
1795
15392
18585
1075
16645
17309
14559
10598
20629
29613
30634
15958
25366
30845
9089
15931
17002
437
17791
1427
12715
31831
13225
31522
540
9194
28030
19000
29791
11993
9935
4658
14824
6678
29904
12099
10929
22530
20848
117
815
26257
26854
20202
16006
4265
25996
14952
24825
24268
11761
20245
18084
31479
18729
10366
19053
3018
23912
17886
22840
19176
31952
29598
17754
23201
13446
28184
28240
7887
4619
8608
4274
7421
4810
11205
21090
10191
12781
468
24329
22942
2165
24734
10436
8802
13194
27003
8474
27861
29967
4239
32306
7893
17018
16460
24642
30986
13795
22072
27467
6602
5466
23793
10500
10041
25726
10094
18195
25781
13388
12679
1411
14193
9524
27064
26995
24159
20338
18466
2059
24916
1435
22226
32181
31591
9590
3910
25993
1178
27406
12589
25864
7868
31237
30319
8206
10637
4395
18541
10498
16932
7247
23178
16720
20878
6230
19946
32281
28344
32138
17018
9513
6030
9268
31024
22057
1381
22380
27540
21525
8342
2608
31871
753
22380
25268
9762
28088
23617
4089
18763
26774
3811
7585
484
9046
5437
14850
9404
16414
26419
8825
19083
16986
20941
10752
3120
27126
13720
3587
21564
20176
1097
3440
27060
20589
16804
30222
6163
11755
2972
7183
6287
23094
28092
28648
8349
24703
965
9824
14775
27882
12185
9959
18013
19847
26199
13354
22618
32644
22728
740
15432
7329
31482
13047
24150
15587
12074
24251
27721
8333
6119
13462
22721
13900
21877
20173
9150
20914
12912
15769
3170
9701
945
30590
4089
22681
16246
9176
23094
16699
4028
29623
2751
10351
25584
31980
29677
7101
17863
19300
14028
10631
30059
7349
24682
6463
4311
31223
27726
29655
19076
9173
20550
28792
29509
1251
30054
6518
23407
7731
16973
15748
20286
8739
6826
292
12916
12664
30719
9314
32579
28337
32677
20674
11373
23445
14865
887
16042
13583
20309
26581
2378
16699
27881
13833
25115
17345
14508
27144
19597
3170
29990
26309
24596
21456
15120
22951
28110
23235
27670
29242
10598
32585
17115
16933
22840
15453
9278
22876
20918
18364
5596
29334
16394
16884
32213
17410
2045
11454
4052
18485
14615
7053
2889
4967
24327
21095
12025
2272
12614
18164
1465
1197
26104
14293
28790
19863
11283
20022
4473
25430
4290
32167
31977
32001
21516
5671
21138
19401
28849
15490
9444
21991
23380
15582
20799
32211
15583
27536
11630
2487
11300
2100
11889
16163
10944
22268
27775
26370
26949
25672
10315
19917
5784
9847
13703
5118
16023
29181
28326
25288
31743
29622
5607
22789
397
9595
18319
17520
15972
28914
24949
31508
8623
29866
964
26884
16775
8039
3837
9805
26903
5562
17211
10537
20990
5589
25787
26741
3316
19870
2459
613
23985
22274
29922
15223
3595
20108
8897
27045
31838
14390
27161
8159
26928
9855
22332
11704
18453
22461
9208
18272
6097
15797
28882
27090
1469
9065
9103
20302
24684
25905
3833
2058
7565
28429
18399
2853
30483
30010
19294
21468
25492
6915
23135
24320
28143
31706
11873
7335
12338
19111
27513
10787
30139
31584
29590
26672
18589
10970
32522
16753
28229
14559
7750
13598
5981
18560
2277
31223
18160
6828
24045
19836
13519
30466
14673
17247
12084
5860
17082
10554
16294
18125
6534
21118
5916
12772
16913
24747
1381
3025
30772
23495
32711
3279
2828
12041
31463
29698
9725
24021
7144
1036
10998
1261
1239
11739
502
31717
16455
24004
463
10967
4152
7894
22058
26713
9278
2152
1739
29612
31455
10741
1046
24374
29244
26922
23762
32562
19444
1596
302
12455
10309
14975
14081
3222
15476
9525
9046
23416
18543
31395
3368
23784
4018
10603
15722
14236
22887
27157
8267
9625
15313
27887
2999
12455
14058
6679
20257
4867
25163
6102
28800
4181
12877
2863
14999
23265
6254
18104
122
22785
758
23465
14926
24275
32730
16691
24400
12335
1760
1555
8473
24284
12036
16486
27680
22787
21274
12223
20864
15331
27062
17783
15867
16071
5193
1860
8767
18997
10636
13
28777
3945
16162
13053
4808
13314
30329
17623
16355
26106
4337
20361
20413
27611
3904
5123
30295
1328
24597
32329
1911
12090
25083
12231
10152
8677
15488
998
3714
6394
21655
17116
15915
15766
24636
30408
21534
17371
23894
5886
22315
4325
28641
32159
9919
32000
27468
23406
28518
1560
2848
7646
18574
1649
7907
31600
24462
17304
11580
6715
21479
27033
21080
1228
10441
18034
23947
24881
28633
22984
29243
7761
4401
3289
12282
2943
21672
9906
9714
3662
4180
20641
5510
27302
8270
16110
18486
20759
2997
20934
31939
10094
31478
17016
12180
16262
25418
12516
16985
28769
2944
9519
18158
17783
19964
22972
29058
14414
15360
24920
30200
10315
1578
32181
21645
1224
20030
14874
22972
23911
17958
7768
21855
19621
16439
3584
19734
28850
5302
10195
11756
26240
155
14714
16696
31513
24980
7032
26818
1847
29517
2396
26151
10510
29167
19003
12671
20589
17895
15709
9020
20741
7400
7991
30037
28424
5171
6809
24485
6647
22550
31273
21390
18869
23730
3600
6881
12767
5122
6643
24066
16224
17689
24357
21831
5183
26795
5915
10658
30140
11983
29216
18560
24732
4611
28233
12016
14273
7025
6828
28680
16637
15473
6861
31364
25640
24910
32345
25009
24688
8525
16663
11658
27633
12267
1819
30240
29062
29543
26941
20031
24798
25728
26057
16718
17618
7040
18808
26743
5109
11897
9375
23304
28525
17615
8359
32281
17410
1014
18877
30576
373
14717
8394
18337
23571
26188
2470
20345
19593
3882
27017
17565
16890
30338
2498
22895
14927
9062
4779
7217
13519
22996
13020
20845
13039
26680
18079
19860
15211
28211
5028
4581
5013
155
27894
12432
8941
20163
21294
15388
13555
11516
25831
17926
3385
10331
13169
12459
444
1981
20426
22631
3956
24073
9161
22527
7466
4533
27549
27708
24714
32140
25462
15065
6521
3758
32130
160
6057
984
13339
27343
15978
12773
19519
8128
31427
29077
7232
15049
24513
6798
10940
16226
23823
12192
14800
18309
17351
8269
4745
29019
3464
17289
9371
20500
6601
28606
20054
25622
21868
21523
24789
24155
150
30446
13433
13076
1727
32183
24982
16275
7429
8672
29035
1895
6854
30498
7000
19657
16493
26377
25163
2103
24716
1458
9852
862
7980
9172
32602
6973
15201
16893
29124
28040
5921
18718
22141
30026
29013
11338
1242
23247
1585
22459
5566
31425
2497
4374
21192
26769
12485
11503
9675
28696
15295
15760
7295
23167
14410
7926
21622
31324
27821
1053
25425
17181
8624
27006
3891
28586
16047
4309
27510
31814
27628
27175
11677
30646
12073
3588
20106
28582
13943
11530
19442
31816
17737
6314
7693
12094
30668
18735
13714
27066
20603
1275
5602
24036
17390
3348
24451
16252
14066
29408
24273
26560
8927
31533
29424
28816
21542
12916
24837
2768
30506
5727
26534
5134
26449
30856
9871
12132
29786
32388
11926
26016
4593
25376
19937
4259
9600
23786
27734
5639
26185
19956
3155
13573
946
8404
17311
27541
1503
30447
16545
14038
7302
3064
12240
12977
20479
29363
5483
23737
18587
3839
28522
32342
8247
28947
13236
547
29201
30216
32402
14484
7386
20888
1380
20444
27404
25893
8595
782
5501
2044
1990
17538
21557
9436
32601
26490
29052
20658
11787
3333
4920
16039
19446
22564
11894
13660
21445
11564
22855
26996
801
107
28365
24916
16236
30734
14741
17958
12978
25922
6183
17956
13532
22682
20444
27667
21799
21937
496
4109
6101
27152
30424
17796
15395
11090
13270
27268
7802
24710
3786
15416
2793
23252
13387
5296
5075
16740
21494
13793
16613
21627
26374
17902
10827
27623
17702
24742
21540
13470
31619
25165
24115
29090
6692
20383
23511
17447
27518
32530
26685
16120
19011
26460
19156
18711
2428
14133
16385
5027
8919
6750
14869
9983
8002
20450
11900
19249
28088
30108
17206
20360
7259
11513
28812
30082
10180
31999
27387
748
21655
5518
26997
16203
18266
22502
7113
24699
20103
18538
25951
10902
4831
19876
12328
18200
8706
24712
27605
5952
1853
4605
3399
1465
26275
2457
8775
7033
20063
25004
19832
23530
12872
1153
16009
11335
17846
28384
31407
19017
10132
31703
2387
5636
5303
7611
22792
13067
5230
10345
28863
17627
21339
4305
16702
19063
8321
17846
10958
23887
16541
1455
2868
22374
3002
22130
26595
9396
2304
337
2160
17354
31949
14597
5446
14772
7431
19627
3739
32035
24496
3084
12195
7372
6074
16673
4611
9483
21533
25303
9608
2252
13608
25871
20505
4523
11284
18921
18922
7002
22751
22594
2547
7747
31320
7035
22177
19823
9334
4220
20171
19367
12525
9209
32487
15321
7683
26100
22142
12477
20384
5764
4573
16311
26277
28628
27662
15104
8831
20846
11526
22273
252
12474
26656
16127
4189
29377
32458
23805
10156
4919
15230
22750
31056
15545
6389
4811
13278
13907
2455
7380
9522
19013
21301
30682
5055
2567
21242
6060
16931
5002
15775
29296
20734
15297
12255
8005
29445
16992
9003
18470
10066
29412
6814
29457
28158
22227
7219
26217
10994
23877
18998
11418
11002
7075
12536
31483
32540
2991
7367
32760
8743
27332
3101
23664
7310
7775
4632
19548
6775
16863
15658
17074
10256
16777
22034
31881
2082
9935
2827
20349
22760
31186
23363
14165
31521
23589
22158
26339
28516
16596
1372
24620
7604
26021
3305
22473
15188
29085
25523
26509
17116
23750
10801
21608
12941
1328
31682
27531
1250
5430
19428
15053
5991
7938
9126
10318
29646
4436
21344
11610
12096
27006
27809
14480
21489
18100
6249
31555
2295
