4719
336
7344
2580
9709
4121
6508
4698
5934
5178
2799
9779
8604
3478
2046
9939
6185
6802
3720
3626
1449
3801
3086
1173
143
7199
8900
663
1974
9189
4265
6921
929
2636
2020
6880
1140
6126
5855
1823
3172
3417
6201
1260
8636
7325
5911
6359
5699
4745
2666
1512
1226
6225
343
3048
9386
2978
98
1972
6269
9017
8348
973
8667
9153
416
291
1657
1179
680
1411
3117
6195
2485
3534
3060
9392
7103
3772
2680
636
1001
9217
4828
725
6249
1119
842
6948
7319
8972
9888
2748
9572
7686
197
1285
5452
9476
1602
9209
2159
9198
4431
8478
4940
8768
3563
38
1039
283
2081
5667
6733
908
3479
751
2493
1281
552
3019
4250
4953
7317
2342
8550
7244
4231
1088
225
571
1385
6112
9723
4009
2227
3123
3190
9674
2969
2822
2463
2618
6374
4454
2510
1298
2307
2949
9019
822
5469
2992
1988
2051
1414
2959
1389
1223
1466
7436
2471
8561
9780
9288
9364
7131
8066
5338
2570
2276
5863
2809
7142
7203
1711
1196
1154
105
8200
8240
2330
5031
4528
5482
4572
2944
2329
2334
7983
896
3508
9856
7333
8973
5629
408
9795
9548
8259
2683
288
5911
731
1031
6332
158
3461
7983
132
8668
9183
744
1651
587
3112
9763
2379
858
3048
333
6484
4462
2255
2995
4596
647
3371
7113
6288
3637
29
3373
2657
7690
6126
8328
5083
8993
6206
6485
8778
3328
8878
1621
2766
5562
5823
7457
8728
2328
458
2162
1605
4281
2209
1086
5915
5735
7509
3011
2370
4237
5354
5209
4469
806
664
435
5001
6454
980
9031
2141
6511
8206
5230
5250
8797
9244
5310
6044
1667
439
3462
778
2410
3700
6249
8659
4166
917
8750
8130
348
9889
3879
6851
8993
8562
5666
7646
3909
797
7533
8836
1184
920
205
8631
4987
3639
7952
9695
2034
5543
4144
762
600
2430
8491
6532
9180
3762
946
9143
666
1274
191
1108
9301
2402
8299
3907
5188
7891
1790
423
6395
4674
3912
4534
8524
8487
6831
9688
7133
82
2858
1038
1995
8857
4638
3413
95
4580
4951
9242
5280
3597
1769
416
9322
6530
5815
2927
1053
2637
6724
5872
6201
6118
2456
71
6264
5254
9589
5136
1212
2272
4218
413
2204
9884
4936
590
6777
4739
388
1586
2277
162
2428
3662
2726
1960
5502
4876
9192
8466
9605
8789
737
5802
676
6145
6456
6315
5144
862
9064
4857
7114
3184
994
8862
6450
3992
9633
8439
7314
2056
5602
721
2802
3302
8195
7006
5079
943
1451
6956
2826
1886
6219
4344
4918
9149
4275
1567
8610
795
1560
1717
6400
4670
7829
1129
6900
1419
9615
9945
5593
3092
1662
7010
4177
7505
6024
43
2076
578
2144
1666
3899
3588
3872
2423
260
2034
7362
4584
1913
6270
7349
1260
3972
3984
3565
1236
6358
3614
6524
1887
1057
8157
3793
7213
4658
3543
8750
582
1683
2557
6974
5372
8223
4190
998
1854
6056
8777
4748
8159
406
8800
3925
5798
2160
1262
4291
183
7248
3194
2399
9730
5506
6204
2259
8730
3005
6095
7756
2665
1669
5607
4110
7298
784
1398
5448
1751
2088
8842
7929
1532
720
9000
6563
4940
4795
9359
7486
2650
2649
7414
3665
9002
5011
2744
7021
5410
329
18
7738
1467
7466
5017
3110
5884
4452
2017
8379
6825
2412
8252
2561
3160
8449
7664
1076
8356
2748
5996
327
837
2458
3707
8984
832
4381
8778
9430
315
5632
4807
8401
2228
1546
9867
8769
8786
1684
8569
7033
4620
5358
8519
8461
6249
3231
221
6594
9624
92
6076
9685
624
9995
1377
3102
1946
9928
4633
534
5726
7496
9063
5528
3020
5116
1956
7268
109
1128
2678
889
5512
2453
484
676
2152
8131
9513
8324
4078
2403
6600
1056
4340
2628
9903
1307
9138
1164
3358
3846
5908
5162
4329
983
7515
8121
2412
8953
5939
9944
6144
1044
5477
9496
7707
2878
4206
3029
3020
9250
8192
1225
55
2400
9063
6685
7869
4965
2030
4641
1793
1501
3267
4686
9558
4406
2217
6473
621
2167
8813
4251
2637
9136
555
5488
7539
1204
497
5693
2861
5668
1268
2373
7186
4142
18
7005
6805
3222
5848
2878
569
8099
501
5547
2806
8750
6462
5892
4220
8342
4947
9755
6008
1816
2386
6469
8357
1485
2795
1778
1333
7187
9908
400
8064
8097
2718
7389
2876
1301
8647
7132
5806
5169
3985
4043
2304
7510
9651
9762
4644
9679
8078
1742
4743
113
979
7214
2329
5409
6547
3758
2604
3959
4615
1363
2715
241
3585
5685
4125
9435
4083
164
186
8398
3774
7124
925
7494
2318
8507
1578
7001
2852
1693
1971
1765
8100
5701
4342
5433
1953
7527
5481
2214
7653
4515
3256
9015
1029
3165
1534
2239
8644
9003
1874
5938
4678
4095
1716
8823
2296
1286
8505
828
8671
2368
2691
4427
6654
4176
1380
2635
8428
1334
1716
426
5190
8923
4529
7018
7136
7917
2423
1033
6113
8348
2833
4566
7952
9380
4062
2160
3018
8764
9927
1377
8614
9950
383
2459
5146
9160
5916
5026
9070
243
2166
1450
690
1314
5166
9314
5980
5916
7057
7058
1412
2702
8813
9056
1300
2523
3058
1481
746
2037
5836
255
4976
2977
2097
1838
2142
7605
5910
5843
8958
5509
7863
5919
449
8223
7590
2360
3616
1028
340
5488
6757
5304
8286
2811
7178
2651
8441
4075
7346
4777
8321
8766
9271
5103
2287
3547
6276
735
8649
9720
9620
7974
1710
2240
6363
9387
9714
2307
7012
6699
1815
8654
5498
5363
1821
1692
6186
2318
6283
7773
1976
1088
6654
7911
9458
5105
1121
186
4547
4046
9678
2680
9032
828
4020
7669
5928
8814
3242
9467
7887
4266
1202
3889
8284
3591
9938
5725
9212
890
1135
951
4934
6577
2202
5616
8249
4111
5104
2132
9554
697
5564
1516
2691
5152
5280
4470
6704
6480
901
6616
1643
185
7327
9075
1363
2204
2484
1861
